Filename: daily-smap-ORNL-DAAC-XXXXXX
Data_Set_Name: Daily soil moisture and ancillary datasets
Location: 35.0457, -112.7184
Citation: ORNL DAAC. 2017. Soil Moisture Visualizer. ORNL DAAC, Oak Ridge, Tennessee, USA. http://dx.doi.org/10.3334/ORNLDAAC/1366


time,SoilSCAPE_surface,SoilSCAPE_rootzone,AirMOSS_L2_3_surface,AirMOSS_L2_3_rootzone,AirMOSS_L4_rootzone,SMAP_surface,SMAP_rootzone,NEE_mean,GPP_mean,prcp,tmax,tmin,ET,LST_Day,LST_Night,EVI,AirMOSS_in-ground_surface,AirMOSS_in-ground_rootzone,COSMOS_surface,COSMOS_rootzone,CRN_surface,CRN_rootzone,SCAN_surface,SCAN_rootzone,SNOTEL_surface,SNOTEL_rootzone,GRACE_surface_pctl,GRACE_rootzone_pctl
2015-03-31,,,,,,14.49,16.14,-0.225,1.69,,,,,,,,,,,,,,,,,,,
2015-04-01,,,,,,14.31,16.01,-0.122,1.471,,,,,,,,,,,,,,,,,,,
2015-04-02,,,,,,13.8,15.72,-0.24,1.507,,,,,,,,,,,,,,,,,,,
2015-04-03,,,,,,13.49,15.34,0.003,0.962,,,,,,,,,,,,,,,,,,,
2015-04-04,,,,,,13.27,15.22,-0.129,1.22,,,,,,,,,,,,,,,,,,,
2015-04-05,,,,,,13.1,15.11,-0.26,1.401,,,,,,,,,,,,,,,,,,,
2015-04-06,,,,,,13.27,15.06,-0.153,1.163,,,,,,,,,,,,,,,,,,24.54,23.54
2015-04-07,,,,,,13.0,14.95,-0.012,0.826,,,,,,,,,,,,,,,,,,,
2015-04-08,,,,,,12.8,14.71,-0.161,0.964,,,,,,,,,,,,,,,,,,,
2015-04-09,,,,,,12.72,14.51,-0.076,0.841,,,,,,,,,,,,,,,,,,,
2015-04-10,,,,,,12.56,14.48,-0.118,1.042,,,,,,,,,,,,,,,,,,,
2015-04-11,,,,,,12.87,14.47,-0.202,1.348,,,,,,,,,,,,,,,,,,,
2015-04-12,,,,,,12.47,14.44,-0.14,1.321,,,,,,,,,,,,,,,,,,,
2015-04-13,,,,,,12.44,14.4,-0.073,1.347,,,,,,,,,,,,,,,,,,12.57,12.92
2015-04-14,,,,,,12.8,14.44,-0.064,1.349,,,,,,,,,,,,,,,,,,,
2015-04-15,,,,,,12.16,14.35,-0.017,0.956,,,,,,,,,,,,,,,,,,,
2015-04-16,,,,,,12.15,14.21,-0.048,0.729,,,,,,,,,,,,,,,,,,,
2015-04-17,,,,,,12.52,14.13,-0.155,0.973,,,,,,,,,,,,,,,,,,,
2015-04-18,,,,,,12.47,14.12,-0.206,1.238,,,,,,,,,,,,,,,,,,,
2015-04-19,,,,,,12.43,14.2,-0.226,1.467,,,,,,,,,,,,,,,,,,,
2015-04-20,,,,,,12.28,14.19,-0.076,1.355,,,,,,,,,,,,,,,,,,6.11,8.58
2015-04-21,,,,,,12.12,14.13,-0.158,1.49,,,,,,,,,,,,,,,,,,,
2015-04-22,,,,,,12.24,14.03,-0.276,1.571,,,,,,,,,,,,,,,,,,,
2015-04-23,,,,,,12.18,13.98,-0.051,1.126,,,,,,,,,,,,,,,,,,,
2015-04-24,,,,,,12.25,13.88,-0.126,1.141,,,,,,,,,,,,,,,,,,,
2015-04-25,,,,,,13.18,13.88,-0.045,0.972,,,,,,,,,,,,,,,,,,,
2015-04-26,,,,,,18.54,14.75,-0.302,1.33,,,,,,,,,,,,,,,,,,,
2015-04-27,,,,,,14.81,14.94,-0.302,1.336,,,,,,,,,,,,,,,,,,30.58,17.77
2015-04-28,,,,,,13.15,14.8,-0.154,1.483,,,,,,,,,,,,,,,,,,,
2015-04-29,,,,,,12.95,14.8,-0.144,1.766,,,,,,,,,,,,,,,,,,,
2015-04-30,,,,,,13.27,15.05,-0.038,1.705,,,,,,,,,,,,,,,,,,,
2015-05-01,,,,,,12.69,14.91,0.017,1.717,,,,,,,,,,,,,,,,,,,
2015-05-02,,,,,,12.31,14.74,0.099,1.569,,,,,,,,,,,,,,,,,,,
2015-05-03,,,,,,12.72,14.65,-0.157,1.866,,,,,,,,,,,,,,,,,,,
2015-05-04,,,,,,13.5,14.59,0.192,1.087,,,,,,,,,,,,,,,,,,63.43,39.97
2015-05-05,,,,,,18.54,15.56,-0.353,1.676,,,,,,,,,,,,,,,,,,,
2015-05-06,,,,,,15.53,15.71,-0.442,1.872,,,,,,,,,,,,,,,,,,,
2015-05-07,,,,,,13.94,15.51,-0.435,1.771,,,,,,,,,,,,,,,,,,,
2015-05-08,,,,,,13.7,15.29,-0.546,1.839,,,,,,,,,,,,,,,,,,,
2015-05-09,,,,,,14.78,15.31,-0.322,1.357,,,,,,,,,,,,,,,,,,,
2015-05-10,,,,,,13.91,15.25,-0.353,1.52,,,,,,,,,,,,,,,,,,,
2015-05-11,,,,,,13.25,15.12,-0.155,1.456,,,,,,,,,,,,,,,,,,38.46,38.75
2015-05-12,,,,,,12.97,15.0,-0.232,1.658,,,,,,,,,,,,,,,,,,,
2015-05-13,,,,,,12.96,14.9,-0.172,1.507,,,,,,,,,,,,,,,,,,,
2015-05-14,,,,,,13.3,14.86,-0.278,1.691,,,,,,,,,,,,,,,,,,,
2015-05-15,,,,,,16.9,15.13,0.116,0.816,,,,,,,,,,,,,,,,,,,
2015-05-16,,,,,,17.08,15.73,-0.35,1.377,,,,,,,,,,,,,,,,,,,
2015-05-17,,,,,,14.44,15.6,-0.433,1.642,,,,,,,,,,,,,,,,,,,
2015-05-18,,,,,,13.41,15.38,-0.184,1.392,,,,,,,,,,,,,,,,,,64.58,48.92
2015-05-19,,,,,,13.32,15.17,-0.308,1.595,,,,,,,,,,,,,,,,,,,
2015-05-20,,,,,,12.95,15.03,-0.129,1.39,,,,,,,,,,,,,,,,,,,
2015-05-21,,,,,,12.63,14.78,0.078,1.184,,,,,,,,,,,,,,,,,,,
2015-05-22,,,,,,13.08,14.58,-0.145,1.311,,,,,,,,,,,,,,,,,,,
2015-05-23,,,,,,14.54,14.79,-0.173,1.232,,,,,,,,,,,,,,,,,,,
2015-05-24,,,,,,13.93,14.88,-0.177,1.344,,,,,,,,,,,,,,,,,,,
2015-05-25,,,,,,13.47,14.83,-0.308,1.695,,,,,,,,,,,,,,,,,,57.2,43.73
2015-05-26,,,,,,12.94,14.75,-0.171,1.718,,,,,,,,,,,,,,,,,,,
2015-05-27,,,,,,12.57,14.6,0.198,1.331,,,,,,,,,,,,,,,,,,,
2015-05-28,,,,,,11.93,14.43,0.117,1.36,,,,,,,,,,,,,,,,,,,
2015-05-29,,,,,,11.59,14.23,0.23,1.274,,,,,,,,,,,,,,,,,,,
2015-05-30,,,,,,11.3,14.11,0.302,1.138,,,,,,,,,,,,,,,,,,,
2015-05-31,,,,,,11.45,14.02,0.388,1.014,,,,,,,,,,,,,,,,,,,
2015-06-01,,,,,,11.81,13.96,0.27,1.185,,,,,,,,,,,,,,,,,,46.94,58.25
2015-06-02,,,,,,11.44,13.88,0.261,1.176,,,,,,,,,,,,,,,,,,,
2015-06-03,,,,,,11.23,13.8,0.261,1.156,,,,,,,,,,,,,,,,,,,
2015-06-04,,,,,,11.56,13.76,0.315,1.088,,,,,,,,,,,,,,,,,,,
2015-06-05,,,,,,11.45,13.69,0.171,1.277,,,,,,,,,,,,,,,,,,,
2015-06-06,,,,,,11.75,13.62,-0.11,1.691,,,,,,,,,,,,,,,,,,,
2015-06-07,,,,,,10.74,13.44,0.294,1.088,,,,,,,,,,,,,,,,,,,
2015-06-08,,,,,,10.68,13.38,0.376,0.961,,,,,,,,,,,,,,,,,,32.79,43.53
2015-06-09,,,,,,12.07,13.49,0.515,0.807,,,,,,,,,,,,,,,,,,,
2015-06-10,,,,,,16.25,14.12,-0.023,1.77,,,,,,,,,,,,,,,,,,,
2015-06-11,,,,,,15.15,14.66,-0.136,1.886,,,,,,,,,,,,,,,,,,,
2015-06-12,,,,,,13.46,14.81,0.139,1.405,,,,,,,,,,,,,,,,,,,
2015-06-13,,,,,,12.47,14.6,0.347,1.071,,,,,,,,,,,,,,,,,,,
2015-06-14,,,,,,13.31,14.56,0.168,1.359,,,,,,,,,,,,,,,,,,,
2015-06-15,,,,,,12.03,14.39,0.432,0.917,,,,,,,,,,,,,,,,,,52.79,58.8
2015-06-16,,,,,,11.52,14.21,0.455,0.858,,,,,,,,,,,,,,,,,,,
2015-06-17,,,,,,11.37,14.06,0.509,0.768,,,,,,,,,,,,,,,,,,,
2015-06-18,,,,,,11.07,13.92,0.668,0.517,,,,,,,,,,,,,,,,,,,
2015-06-19,,,,,,10.75,13.73,0.792,0.317,,,,,,,,,,,,,,,,,,,
2015-06-20,,,,,,10.55,13.49,0.869,0.193,,,,,,,,,,,,,,,,,,,
2015-06-21,,,,,,9.81,13.33,0.621,0.534,,,,,,,,,,,,,,,,,,,
2015-06-22,,,,,,9.75,13.19,0.543,0.645,,,,,,,,,,,,,,,,,,10.44,34.56
2015-06-23,,,,,,8.11,13.03,0.683,0.407,,,,,,,,,,,,,,,,,,,
2015-06-24,,,,,,8.21,13.01,0.813,0.219,,,,,,,,,,,,,,,,,,,
2015-06-25,,,,,,8.24,12.99,0.776,0.265,,,,,,,,,,,,,,,,,,,
2015-06-26,,,,,,7.75,12.93,0.798,0.227,,,,,,,,,,,,,,,,,,,
2015-06-27,,,,,,7.31,12.88,0.663,0.405,,,,,,,,,,,,,,,,,,,
2015-06-28,,,,,,9.59,13.04,0.653,0.502,,,,,,,,,,,,,,,,,,,
2015-06-29,,,,,,11.58,13.2,0.568,0.675,,,,,,,,,,,,,,,,,,70.97,62.17
2015-06-30,,,,,,20.26,14.93,0.278,1.417,,,,,,,,,,,,,,,,,,,
2015-07-01,,,,,,12.29,13.69,0.038,1.417,,,,,,,,,,,,,,,,,,,
2015-07-02,,,,,,11.6,13.45,0.167,1.221,,,,,,,,,,,,,,,,,,,
2015-07-03,,,,,,10.2,13.21,0.508,0.685,,,,,,,,,,,,,,,,,,,
2015-07-04,,,,,,12.07,13.34,0.23,1.164,,,,,,,,,,,,,,,,,,,
2015-07-05,,,,,,11.57,13.37,0.268,1.078,,,,,,,,,,,,,,,,,,,
2015-07-06,,,,,,22.31,15.13,0.024,1.82,,,,,,,,,,,,,,,,,,97.39,76.06
2015-07-07,,,,,,17.21,16.08,-0.079,1.766,,,,,,,,,,,,,,,,,,,
2015-07-08,,,,,,16.73,16.64,0.078,1.551,,,,,,,,,,,,,,,,,,,
2015-07-09,,,,,,14.15,16.06,0.01,1.539,,,,,,,,,,,,,,,,,,,
2015-07-10,,,,,,13.17,15.61,-0.129,1.682,,,,,,,,,,,,,,,,,,,
2015-07-11,,,,,,12.51,15.47,-0.059,1.531,,,,,,,,,,,,,,,,,,,
2015-07-12,,,,,,12.25,15.12,0.054,1.344,,,,,,,,,,,,,,,,,,,
2015-07-13,,,,,,11.15,14.66,0.17,1.154,,,,,,,,,,,,,,,,,,73.34,77.47
2015-07-14,,,,,,10.74,14.34,0.008,1.379,,,,,,,,,,,,,,,,,,,
2015-07-15,,,,,,10.78,14.1,-0.062,1.449,,,,,,,,,,,,,,,,,,,
2015-07-16,,,,,,10.16,13.71,0.0,1.332,,,,,,,,,,,,,,,,,,,
2015-07-17,,,,,,9.31,13.26,0.13,1.115,,,,,,,,,,,,,,,,,,,
2015-07-18,,,,,,13.07,13.4,0.153,1.248,,,,,,,,,,,,,,,,,,,
2015-07-19,,,,,,20.23,15.66,0.059,1.63,,,,,,,,,,,,,,,,,,,
2015-07-20,,,,,,16.1,16.06,-0.66,2.476,,,,,,,,,,,,,,,,,,91.38,95.15
2015-07-21,,,,,,15.35,16.62,-0.587,2.349,,,,,,,,,,,,,,,,,,,
2015-07-22,,,,,,13.79,16.1,-0.32,1.893,,,,,,,,,,,,,,,,,,,
2015-07-23,,,,,,12.88,15.55,-0.289,1.797,,,,,,,,,,,,,,,,,,,
2015-07-24,,,,,,11.26,14.61,-0.256,1.696,,,,,,,,,,,,,,,,,,,
2015-07-25,,,,,,9.94,13.96,0.125,1.105,,,,,,,,,,,,,,,,,,,
2015-07-26,,,,,,9.71,13.66,0.272,0.915,,,,,,,,,,,,,,,,,,,
2015-07-27,,,,,,8.87,13.37,0.089,1.159,,,,,,,,,,,,,,,,,,76.1,82.28
2015-07-28,,,,,,9.06,13.19,0.375,0.747,,,,,,,,,,,,,,,,,,,
2015-07-29,,,,,,7.05,12.89,0.404,0.684,,,,,,,,,,,,,,,,,,,
2015-07-30,,,,,,6.16,12.8,0.379,0.758,,,,,,,,,,,,,,,,,,,
2015-07-31,,,,,,6.57,12.82,-0.04,1.38,,,,,,,,,,,,,,,,,,,
2015-08-01,,,,,,6.82,12.82,0.29,0.894,,,,,,,,,,,,,,,,,,,
2015-08-02,,,,,,9.45,12.98,0.074,1.25,,,,,,,,,,,,,,,,,,,
2015-08-03,,,,,,9.47,13.0,0.096,1.189,,,,,,,,,,,,,,,,,,59.61,49.52
2015-08-04,,,,,,7.73,12.87,0.403,0.693,,,,,,,,,,,,,,,,,,,
2015-08-05,,,,,,6.34,12.78,0.519,0.484,,,,,,,,,,,,,,,,,,,
2015-08-06,,,,,,4.26,12.66,0.448,0.537,,,,,,,,,,,,,,,,,,,
2015-08-07,,,,,,12.4,13.15,0.153,1.187,,,,,,,,,,,,,,,,,,,
2015-08-08,,,,,,13.1,13.25,-0.134,1.568,,,,,,,,,,,,,,,,,,,
2015-08-09,,,,,,10.03,13.06,0.227,0.944,,,,,,,,,,,,,,,,,,,
2015-08-10,,,,,,9.15,12.94,0.219,0.973,,,,,,,,,,,,,,,,,,57.24,51.23
2015-08-11,,,,,,13.84,13.33,0.425,0.832,,,,,,,,,,,,,,,,,,,
2015-08-12,,,,,,18.74,15.55,-0.127,1.752,,,,,,,,,,,,,,,,,,,
2015-08-13,,,,,,15.63,15.51,-0.081,1.546,,,,,,,,,,,,,,,,,,,
2015-08-14,,,,,,14.48,15.45,0.122,1.207,,,,,,,,,,,,,,,,,,,
2015-08-15,,,,,,14.08,15.19,0.012,1.357,,,,,,,,,,,,,,,,,,,
2015-08-16,,,,,,12.08,14.72,0.212,1.012,,,,,,,,,,,,,,,,,,,
2015-08-17,,,,,,11.17,14.3,0.175,1.03,,,,,,,,,,,,,,,,,,63.99,70.3
2015-08-18,,,,,,10.72,14.14,0.026,1.178,,,,,,,,,,,,,,,,,,,
2015-08-19,,,,,,10.89,13.89,0.32,0.773,,,,,,,,,,,,,,,,,,,
2015-08-20,,,,,,11.0,13.64,-0.106,1.367,,,,,,,,,,,,,,,,,,,
2015-08-21,,,,,,11.03,13.52,-0.181,1.487,,,,,,,,,,,,,,,,,,,
2015-08-22,,,,,,10.03,13.32,-0.034,1.239,,,,,,,,,,,,,,,,,,,
2015-08-23,,,,,,8.53,13.03,0.089,1.004,,,,,,,,,,,,,,,,,,,
2015-08-24,,,,,,9.39,13.06,0.28,0.779,,,,,,,,,,,,,,,,,,70.25,56.49
2015-08-25,,,,,,9.76,13.06,0.37,0.677,,,,,,,,,,,,,,,,,,,
2015-08-26,,,,,,9.77,13.0,0.053,1.223,,,,,,,,,,,,,,,,,,,
2015-08-27,,,,,,14.4,13.39,-0.159,1.625,,,,,,,,,,,,,,,,,,,
2015-08-28,,,,,,13.78,13.66,-0.136,1.528,,,,,,,,,,,,,,,,,,,
2015-08-29,,,,,,11.19,13.47,0.093,1.124,,,,,,,,,,,,,,,,,,,
2015-08-30,,,,,,11.22,13.34,-0.035,1.314,,,,,,,,,,,,,,,,,,,
2015-08-31,,,,,,12.45,13.37,-0.166,1.539,,,,,,,,,,,,,,,,,,62.58,53.04
2015-09-01,,,,,,12.42,13.43,-0.222,1.609,,,,,,,,,,,,,,,,,,,
2015-09-02,,,,,,9.97,13.11,-0.049,1.288,,,,,,,,,,,,,,,,,,,
2015-09-03,,,,,,7.86,12.9,-0.176,1.387,,,,,,,,,,,,,,,,,,,
2015-09-04,,,,,,6.24,12.79,-0.092,1.229,,,,,,,,,,,,,,,,,,,
2015-09-05,,,,,,4.02,12.64,-0.027,1.056,,,,,,,,,,,,,,,,,,,
2015-09-06,,,,,,10.16,13.0,-0.015,1.265,,,,,,,,,,,,,,,,,,,
2015-09-07,,,,,,14.18,13.44,0.045,1.274,,,,,,,,,,,,,,,,,,73.6,53.42
2015-09-08,,,,,,17.01,13.9,-0.437,2.032,,,,,,,,,,,,,,,,,,,
2015-09-09,,,,,,13.64,13.95,-0.057,1.39,,,,,,,,,,,,,,,,,,,
2015-09-10,,,,,,12.7,13.87,-0.503,1.993,,,,,,,,,,,,,,,,,,,
2015-09-11,,,,,,13.6,14.08,-0.421,1.901,,,,,,,,,,,,,,,,,,,
2015-09-12,,,,,,12.15,13.92,-0.229,1.558,,,,,,,,,,,,,,,,,,,
2015-09-13,,,,,,14.59,13.96,-0.206,1.619,,,,,,,,,,,,,,,,,,,
2015-09-14,,,,,,14.99,14.07,-0.668,2.307,,,,,,,,,,,,,,,,,,58.0,41.29
2015-09-15,,,,,,14.91,13.95,-0.775,2.452,,,,,,,,,,,,,,,,,,,
2015-09-16,,,,,,13.83,14.05,-0.635,2.204,,,,,,,,,,,,,,,,,,,
2015-09-17,,,,,,12.81,13.93,-0.498,1.968,,,,,,,,,,,,,,,,,,,
2015-09-18,,,,,,12.12,13.78,-0.317,1.686,,,,,,,,,,,,,,,,,,,
2015-09-19,,,,,,10.84,13.56,-0.203,1.487,,,,,,,,,,,,,,,,,,,
2015-09-20,,,,,,10.66,13.36,-0.178,1.444,,,,,,,,,,,,,,,,,,,
2015-09-21,,,,,,10.09,13.15,0.355,0.666,,,,,,,,,,,,,,,,,,28.31,30.02
2015-09-22,,,,,,13.58,13.37,0.205,1.01,,,,,,,,,,,,,,,,,,,
2015-09-23,,,,,,19.38,14.72,-0.5,2.2,,,,,,,,,,,,,,,,,,,
2015-09-24,,,,,,14.56,15.13,-0.198,1.609,,,,,,,,,,,,,,,,,,,
2015-09-25,,,,,,12.52,14.72,-0.181,1.51,,,,,,,,,,,,,,,,,,,
2015-09-26,,,,,,12.12,14.39,-0.153,1.449,,,,,,,,,,,,,,,,,,,
2015-09-27,,,,,,11.2,13.95,-0.247,1.551,,,,,,,,,,,,,,,,,,,
2015-09-28,,,,,,11.06,13.71,0.012,1.175,,,,,,,,,,,,,,,,,,23.26,24.69
2015-09-29,,,,,,10.94,13.48,-0.04,1.24,,,,,,,,,,,,,,,,,,,
2015-09-30,,,,,,10.7,13.34,0.052,1.098,,,,,,,,,,,,,,,,,,,
2015-10-01,,,,,,10.1,13.16,0.025,1.123,,,,,,,,,,,,,,,,,,,
2015-10-02,,,,,,9.77,13.06,0.026,1.136,,,,,,,,,,,,,,,,,,,
2015-10-03,,,,,,9.01,12.98,0.017,1.09,,,,,,,,,,,,,,,,,,,
2015-10-04,,,,,,8.77,12.91,0.076,0.899,,,,,,,,,,,,,,,,,,,
2015-10-05,,,,,,12.19,13.14,0.185,0.75,,,,,,,,,,,,,,,,,,29.2,23.53
2015-10-06,,,,,,16.47,13.66,0.056,0.805,,,,,,,,,,,,,,,,,,,
2015-10-07,,,,,,17.01,14.72,-0.396,1.389,,,,,,,,,,,,,,,,,,,
2015-10-08,,,,,,13.72,14.5,-0.244,1.322,,,,,,,,,,,,,,,,,,,
2015-10-09,,,,,,13.05,14.33,-0.155,1.297,,,,,,,,,,,,,,,,,,,
2015-10-10,,,,,,12.7,14.14,-0.172,1.451,,,,,,,,,,,,,,,,,,,
2015-10-11,,,,,,12.12,13.93,-0.123,1.392,,,,,,,,,,,,,,,,,,,
2015-10-12,,,,,,11.69,13.68,0.046,1.14,,,,,,,,,,,,,,,,,,36.27,37.92
2015-10-13,,,,,,11.03,13.46,0.022,1.154,,,,,,,,,,,,,,,,,,,
2015-10-14,,,,,,10.86,13.33,0.087,1.061,,,,,,,,,,,,,,,,,,,
2015-10-15,,,,,,10.8,13.25,0.182,0.931,,,,,,,,,,,,,,,,,,,
2015-10-16,,,,,,12.14,13.36,0.403,0.65,,,,,,,,,,,,,,,,,,,
2015-10-17,,,,,,24.58,15.68,0.276,0.988,,,,,,,,,,,,,,,,,,,
2015-10-18,,,,,,24.38,22.7,-0.12,1.214,,,,,,,,,,,,,,,,,,,
2015-10-19,,,,,,23.33,21.69,-0.369,1.627,,,,,,,,,,,,,,,,,,84.35,85.3
2015-10-20,,,,,,24.47,21.44,0.007,1.014,,,,,,,,,,,,,,,,,,,
2015-10-21,,,,,,24.55,21.1,0.011,0.85,,,,,,,,,,,,,,,,,,,
2015-10-22,,,,,,22.79,20.94,-0.32,1.297,,,,,,,,,,,,,,,,,,,
2015-10-23,,,,,,21.42,20.45,-0.332,1.313,,,,,,,,,,,,,,,,,,,
2015-10-24,,,,,,20.42,19.72,-0.259,1.18,,,,,,,,,,,,,,,,,,,
2015-10-25,,,,,,19.82,19.24,0.026,0.812,,,,,,,,,,,,,,,,,,,
2015-10-26,,,,,,20.05,19.13,-0.25,1.277,,,,,,,,,,,,,,,,,,89.31,91.22
2015-10-27,,,,,,18.9,18.61,-0.161,1.119,,,,,,,,,,,,,,,,,,,
2015-10-28,,,,,,18.73,18.22,0.121,0.718,,,,,,,,,,,,,,,,,,,
2015-10-29,,,,,,18.82,17.95,0.068,0.684,,,,,,,,,,,,,,,,,,,
2015-10-30,,,,,,19.73,18.17,-0.33,1.154,,,,,,,,,,,,,,,,,,,
2015-10-31,,,,,,19.17,18.47,-0.247,0.97,,,,,,,,,,,,,,,,,,,
2015-11-01,,,,,,18.73,18.31,-0.273,1.151,,,,,,,,,,,,,,,,,,,
2015-11-02,,,,,,18.43,18.2,-0.283,1.162,,,,,,,,,,,,,,,,,,74.37,75.61
2015-11-03,,,,,,18.78,18.11,-0.175,0.962,,,,,,,,,,,,,,,,,,,
2015-11-04,,,,,,21.61,18.46,0.012,0.508,,,,,,,,,,,,,,,,,,,
2015-11-05,,,,,,21.09,18.75,-0.098,0.55,,,,,,,,,,,,,,,,,,,
2015-11-06,,,,,,19.69,18.65,-0.147,0.617,,,,,,,,,,,,,,,,,,,
2015-11-07,,,,,,19.2,18.51,-0.146,0.622,,,,,,,,,,,,,,,,,,,
2015-11-08,,,,,,18.97,18.37,-0.284,0.884,,,,,,,,,,,,,,,,,,,
2015-11-09,,,,,,19.01,18.28,-0.189,0.798,,,,,,,,,,,,,,,,,,80.15,80.98
2015-11-10,,,,,,18.83,18.19,-0.169,0.699,,,,,,,,,,,,,,,,,,,
2015-11-11,,,,,,18.85,18.14,-0.149,0.543,,,,,,,,,,,,,,,,,,,
2015-11-12,,,,,,18.56,18.07,-0.148,0.551,,,,,,,,,,,,,,,,,,,
2015-11-13,,,,,,18.57,18.03,-0.111,0.545,,,,,,,,,,,,,,,,,,,
2015-11-14,,,,,,18.16,17.86,-0.251,0.797,,,,,,,,,,,,,,,,,,,
2015-11-15,,,,,,18.05,17.79,-0.11,0.597,,,,,,,,,,,,,,,,,,,
2015-11-16,,,,,,18.93,17.85,0.006,0.414,,,,,,,,,,,,,,,,,,92.44,76.39
2015-11-17,,,,,,18.39,17.85,-0.072,0.384,,,,,,,,,,,,,,,,,,,
2015-11-18,,,,,,18.14,17.79,-0.088,0.459,,,,,,,,,,,,,,,,,,,
2015-11-19,,,,,,17.97,17.74,-0.133,0.617,,,,,,,,,,,,,,,,,,,
2015-11-20,,,,,,17.82,17.69,-0.101,0.688,,,,,,,,,,,,,,,,,,,
2015-11-21,,,,,,17.68,17.63,-0.004,0.511,,,,,,,,,,,,,,,,,,,
2015-11-22,,,,,,17.63,17.6,-0.121,0.592,,,,,,,,,,,,,,,,,,,
2015-11-23,,,,,,17.6,17.57,-0.157,0.694,,,,,,,,,,,,,,,,,,69.72,68.87
2015-11-24,,,,,,17.42,17.49,-0.119,0.657,,,,,,,,,,,,,,,,,,,
2015-11-25,,,,,,17.1,17.4,-0.084,0.617,,,,,,,,,,,,,,,,,,,
2015-11-26,,,,,,17.17,17.31,-0.082,0.462,,,,,,,,,,,,,,,,,,,
2015-11-27,,,,,,17.29,17.31,0.041,0.216,,,,,,,,,,,,,,,,,,,
2015-11-28,,,,,,17.36,17.32,-0.007,0.262,,,,,,,,,,,,,,,,,,,
2015-11-29,,,,,,17.3,17.31,0.038,0.197,,,,,,,,,,,,,,,,,,,
2015-11-30,,,,,,17.24,17.3,0.005,0.221,,,,,,,,,,,,,,,,,,66.07,63.27
2015-12-01,,,,,,17.18,17.28,-0.022,0.261,,,,,,,,,,,,,,,,,,,
2015-12-02,,,,,,17.11,17.26,-0.079,0.378,,,,,,,,,,,,,,,,,,,
2015-12-03,,,,,,17.07,17.24,-0.241,0.692,,,,,,,,,,,,,,,,,,,
2015-12-04,,,,,,17.04,17.22,0.05,0.298,,,,,,,,,,,,,,,,,,,
2015-12-05,,,,,,17.08,17.21,-0.043,0.395,,,,,,,,,,,,,,,,,,,
2015-12-06,,,,,,17.02,17.19,-0.047,0.398,,,,,,,,,,,,,,,,,,,
2015-12-07,,,,,,16.99,17.18,-0.099,0.506,,,,,,,,,,,,,,,,,,27.92,28.59
2015-12-08,,,,,,16.82,17.16,-0.109,0.606,,,,,,,,,,,,,,,,,,,
2015-12-09,,,,,,16.75,17.12,-0.12,0.696,,,,,,,,,,,,,,,,,,,
2015-12-10,,,,,,16.76,17.09,-0.063,0.584,,,,,,,,,,,,,,,,,,,
2015-12-11,,,,,,16.67,17.06,0.063,0.4,,,,,,,,,,,,,,,,,,,
2015-12-12,,,,,,17.56,17.14,-0.021,0.423,,,,,,,,,,,,,,,,,,,
2015-12-13,,,,,,17.37,17.2,0.105,0.134,,,,,,,,,,,,,,,,,,,
2015-12-14,,,,,,17.35,17.21,0.068,0.167,,,,,,,,,,,,,,,,,,49.6,28.38
2015-12-15,,,,,,17.43,17.23,0.093,0.083,,,,,,,,,,,,,,,,,,,
2015-12-16,,,,,,17.55,17.25,0.067,0.118,,,,,,,,,,,,,,,,,,,
2015-12-17,,,,,,17.69,17.3,0.022,0.184,,,,,,,,,,,,,,,,,,,
2015-12-18,,,,,,17.72,17.33,-0.108,0.37,,,,,,,,,,,,,,,,,,,
2015-12-19,,,,,,17.72,17.35,-0.112,0.385,,,,,,,,,,,,,,,,,,,
2015-12-20,,,,,,17.66,17.34,-0.131,0.44,,,,,,,,,,,,,,,,,,,
2015-12-21,,,,,,17.61,17.35,-0.02,0.298,,,,,,,,,,,,,,,,,,34.77,31.61
2015-12-22,,,,,,17.62,17.34,0.055,0.192,,,,,,,,,,,,,,,,,,,
2015-12-23,,,,,,18.01,17.39,-0.163,0.622,,,,,,,,,,,,,,,,,,,
2015-12-24,,,,,,17.56,17.37,-0.087,0.468,,,,,,,,,,,,,,,,,,,
2015-12-25,,,,,,17.37,17.33,-0.014,0.295,,,,,,,,,,,,,,,,,,,
2015-12-26,,,,,,17.22,17.28,-0.005,0.233,,,,,,,,,,,,,,,,,,,
2015-12-27,,,,,,17.13,17.24,0.023,0.188,,,,,,,,,,,,,,,,,,,
2015-12-28,,,,,,17.15,17.22,-0.029,0.262,,,,,,,,,,,,,,,,,,31.09,28.87
2015-12-29,,,,,,17.16,17.2,0.038,0.167,,,,,,,,,,,,,,,,,,,
2015-12-30,,,,,,17.18,17.19,0.087,0.099,,,,,,,,,,,,,,,,,,,
2015-12-31,,,,,,17.11,17.18,0.056,0.143,,,,,,,,,,,,,,,,,,,
2016-01-01,,,,,,17.07,17.16,0.09,0.095,,,,,,,,,,,,,,,,,,,
2016-01-02,,,,,,17.06,17.15,-0.123,0.4,,,,,,,,,,,,,,,,,,,
2016-01-03,,,,,,17.01,17.13,-0.115,0.398,,,,,,,,,,,,,,,,,,,
2016-01-04,,,,,,17.52,17.15,0.02,0.251,,,,,,,,,,,,,,,,,,17.22,8.48
2016-01-05,,,,,,19.51,17.47,0.048,0.317,,,,,,,,,,,,,,,,,,,
2016-01-06,,,,,,22.39,18.09,-0.064,0.52,,,,,,,,,,,,,,,,,,,
2016-01-07,,,,,,20.65,18.33,0.076,0.227,,,,,,,,,,,,,,,,,,,
2016-01-08,,,,,,21.0,18.42,0.083,0.17,,,,,,,,,,,,,,,,,,,
2016-01-09,,,,,,21.21,18.63,0.124,0.092,,,,,,,,,,,,,,,,,,,
2016-01-10,,,,,,20.85,18.74,0.087,0.128,,,,,,,,,,,,,,,,,,,
2016-01-11,,,,,,20.43,18.69,0.09,0.12,,,,,,,,,,,,,,,,,,63.93,62.36
2016-01-12,,,,,,20.36,18.65,-0.007,0.259,,,,,,,,,,,,,,,,,,,
2016-01-13,,,,,,20.18,18.62,-0.064,0.342,,,,,,,,,,,,,,,,,,,
2016-01-14,,,,,,19.83,18.54,-0.17,0.503,,,,,,,,,,,,,,,,,,,
2016-01-15,,,,,,19.56,18.45,0.022,0.22,,,,,,,,,,,,,,,,,,,
2016-01-16,,,,,,19.47,18.39,-0.011,0.264,,,,,,,,,,,,,,,,,,,
2016-01-17,,,,,,19.18,18.3,-0.142,0.483,,,,,,,,,,,,,,,,,,,
2016-01-18,,,,,,18.94,18.21,-0.072,0.417,,,,,,,,,,,,,,,,,,53.17,52.61
2016-01-19,,,,,,18.82,18.13,-0.028,0.369,,,,,,,,,,,,,,,,,,,
2016-01-20,,,,,,18.9,18.08,-0.079,0.527,,,,,,,,,,,,,,,,,,,
2016-01-21,,,,,,18.59,18.02,0.026,0.334,,,,,,,,,,,,,,,,,,,
2016-01-22,,,,,,18.49,17.96,-0.048,0.489,,,,,,,,,,,,,,,,,,,
2016-01-23,,,,,,18.38,17.9,0.117,0.279,,,,,,,,,,,,,,,,,,,
2016-01-24,,,,,,18.35,17.86,-0.021,0.44,,,,,,,,,,,,,,,,,,,
2016-01-25,,,,,,18.26,17.82,-0.07,0.461,,,,,,,,,,,,,,,,,,39.72,38.0
2016-01-26,,,,,,18.11,17.78,-0.061,0.405,,,,,,,,,,,,,,,,,,,
2016-01-27,,,,,,17.93,17.72,-0.098,0.469,,,,,,,,,,,,,,,,,,,
2016-01-28,,,,,,17.84,17.67,-0.142,0.613,,,,,,,,,,,,,,,,,,,
2016-01-29,,,,,,17.7,17.63,-0.099,0.623,,,,,,,,,,,,,,,,,,,
2016-01-30,,,,,,17.58,17.58,-0.009,0.557,,,,,,,,,,,,,,,,,,,
2016-01-31,,,,,,17.68,17.55,-0.083,0.642,,,,,,,,,,,,,,,,,,,
2016-02-01,,,,,,19.57,17.79,0.109,0.252,,,,,,,,,,,,,,,,,,81.75,43.71
2016-02-02,,,,,,18.52,17.82,0.099,0.116,,,,,,,,,,,,,,,,,,,
2016-02-03,,,,,,18.43,17.8,0.086,0.131,,,,,,,,,,,,,,,,,,,
2016-02-04,,,,,,18.46,17.8,-0.032,0.301,,,,,,,,,,,,,,,,,,,
2016-02-05,,,,,,18.39,17.79,-0.148,0.468,,,,,,,,,,,,,,,,,,,
2016-02-06,,,,,,18.19,17.76,-0.1,0.411,,,,,,,,,,,,,,,,,,,
2016-02-07,,,,,,17.97,17.71,-0.15,0.544,,,,,,,,,,,,,,,,,,,
2016-02-08,,,,,,17.72,17.64,-0.016,0.466,,,,,,,,,,,,,,,,,,36.98,34.97
2016-02-09,,,,,,17.49,17.57,0.006,0.541,,,,,,,,,,,,,,,,,,,
2016-02-10,,,,,,17.36,17.49,-0.091,0.739,,,,,,,,,,,,,,,,,,,
2016-02-11,,,,,,17.19,17.44,-0.076,0.774,,,,,,,,,,,,,,,,,,,
2016-02-12,,,,,,18.03,17.81,-0.179,0.945,,,,,,,,,,,,,,,,,,,
2016-02-13,,,,,,17.75,17.74,-0.114,0.899,,,,,,,,,,,,,,,,,,,
2016-02-14,,,,,,17.51,17.67,0.02,0.677,,,,,,,,,,,,,,,,,,,
2016-02-15,,,,,,18.21,17.93,-0.078,0.812,,,,,,,,,,,,,,,,,,24.62,22.61
2016-02-16,,,,,,17.93,17.86,0.012,0.794,,,,,,,,,,,,,,,,,,,
2016-02-17,,,,,,17.75,17.79,-0.098,0.944,,,,,,,,,,,,,,,,,,,
2016-02-18,,,,,,16.65,17.43,-0.029,0.867,,,,,,,,,,,,,,,,,,,
2016-02-19,,,,,,17.23,17.39,-0.126,0.933,,,,,,,,,,,,,,,,,,,
2016-02-20,,,,,,17.08,17.39,-0.163,1.031,,,,,,,,,,,,,,,,,,,
2016-02-21,,,,,,16.88,17.36,-0.175,1.09,,,,,,,,,,,,,,,,,,,
2016-02-22,,,,,,16.73,17.3,-0.068,0.893,,,,,,,,,,,,,,,,,,15.32,13.57
2016-02-23,,,,,,16.45,17.11,-0.148,0.797,,,,,,,,,,,,,,,,,,,
2016-02-24,,,,,,16.66,17.11,-0.041,0.581,,,,,,,,,,,,,,,,,,,
2016-02-25,,,,,,16.5,17.13,-0.201,0.976,,,,,,,,,,,,,,,,,,,
2016-02-26,,,,,,15.78,16.87,-0.034,0.91,,,,,,,,,,,,,,,,,,,
2016-02-27,,,,,,15.88,16.82,-0.105,1.068,,,,,,,,,,,,,,,,,,,
2016-02-28,,,,,,15.69,16.76,0.029,0.84,,,,,,,,,,,,,,,,,,,
2016-02-29,,,,,,15.66,16.73,-0.004,0.996,,,,,,,,,,,,,,,,,,6.36,6.5
2016-03-01,,,,,,15.71,16.7,-0.017,1.026,,,,,,,,,,,,,,,,,,,
2016-03-02,,,,,,15.77,16.74,-0.004,1.019,,,,,,,,,,,,,,,,,,,
2016-03-03,,,,,,15.47,16.65,0.024,0.993,,,,,,,,,,,,,,,,,,,
2016-03-04,,,,,,15.23,16.49,-0.043,1.05,,,,,,,,,,,,,,,,,,,
2016-03-05,,,,,,14.46,16.24,0.132,0.71,,,,,,,,,,,,,,,,,,,
2016-03-06,,,,,,15.1,16.22,-0.096,1.029,,,,,,,,,,,,,,,,,,,
2016-03-07,,,,,,17.37,16.75,0.043,0.541,,,,,,,,,,,,,,,,,,29.78,10.76
2016-03-08,,,,,,16.3,16.76,-0.078,0.706,,,,,,,,,,,,,,,,,,,
2016-03-09,,,,,,15.78,16.72,-0.087,0.841,,,,,,,,,,,,,,,,,,,
2016-03-10,,,,,,15.45,16.61,-0.059,0.969,,,,,,,,,,,,,,,,,,,
2016-03-11,,,,,,15.38,16.55,0.109,0.76,,,,,,,,,,,,,,,,,,,
2016-03-12,,,,,,15.41,16.52,-0.01,0.795,,,,,,,,,,,,,,,,,,,
2016-03-13,,,,,,15.35,16.46,-0.05,0.737,,,,,,,,,,,,,,,,,,,
2016-03-14,,,,,,15.3,16.42,-0.18,1.029,,,,,,,,,,,,,,,,,,12.33,9.16
2016-03-15,,,,,,15.13,16.33,-0.034,0.9,,,,,,,,,,,,,,,,,,,
2016-03-16,,,,,,14.48,16.14,-0.048,0.925,,,,,,,,,,,,,,,,,,,
2016-03-17,,,,,,13.81,15.83,-0.038,1.014,,,,,,,,,,,,,,,,,,,
2016-03-18,,,,,,14.02,15.78,-0.096,1.129,,,,,,,,,,,,,,,,,,,
2016-03-19,,,,,,13.5,15.65,0.043,0.966,,,,,,,,,,,,,,,,,,,
2016-03-20,,,,,,13.6,15.5,0.015,1.119,,,,,,,,,,,,,,,,,,,
2016-03-21,,,,,,13.26,15.37,0.021,1.088,,,,,,,,,,,,,,,,,,5.48,6.84
2016-03-22,,,,,,13.2,15.3,-0.012,1.049,,,,,,,,,,,,,,,,,,,
2016-03-23,,,,,,13.48,15.26,0.016,0.677,,,,,,,,,,,,,,,,,,,
2016-03-24,,,,,,13.2,15.19,0.007,0.708,,,,,,,,,,,,,,,,,,,
2016-03-25,,,,,,12.9,15.05,-0.029,0.903,,,,,,,,,,,,,,,,,,,
2016-03-26,,,,,,13.19,15.06,-0.084,1.018,,,,,,,,,,,,,,,,,,,
2016-03-27,,,,,,12.68,14.94,0.032,0.741,,,,,,,,,,,,,,,,,,,
2016-03-28,,,,,,12.79,14.79,0.022,0.856,,,,,,,,,,,,,,,,,,4.39,4.56
2016-03-29,,,,,,13.3,14.82,0.007,0.7,,,,,,,,,,,,,,,,,,,
2016-03-30,,,,,,13.53,14.87,0.037,0.476,,,,,,,,,,,,,,,,,,,
2016-03-31,,,,,,13.4,14.85,0.048,0.501,,,,,,,,,,,,,,,,,,,
2016-04-01,,,,,,12.93,14.79,-0.075,0.85,,,,,,,,,,,,,,,,,,,
2016-04-02,,,,,,12.6,14.65,0.07,0.712,,,,,,,,,,,,,,,,,,,
2016-04-03,,,,,,12.72,14.54,-0.025,1.044,,,,,,,,,,,,,,,,,,,
2016-04-04,,,,,,12.55,14.54,0.038,1.108,,,,,,,,,,,,,,,,,,17.68,14.87
2016-04-05,,,,,,12.67,14.51,0.045,1.089,,,,,,,,,,,,,,,,,,,
2016-04-06,,,,,,12.43,14.47,0.264,0.851,,,,,,,,,,,,,,,,,,,
2016-04-07,,,,,,12.29,14.43,0.359,0.809,,,,,,,,,,,,,,,,,,,
2016-04-08,,,,,,17.82,15.08,0.496,0.548,,,,,,,,,,,,,,,,,,,
2016-04-09,,,,,,17.4,16.15,-0.039,1.051,,,,,,,,,,,,,,,,,,,
2016-04-10,,,,,,17.92,16.93,0.248,0.573,,,,,,,,,,,,,,,,,,,
2016-04-11,,,,,,22.1,18.35,-0.201,1.2,,,,,,,,,,,,,,,,,,90.58,48.77
2016-04-12,,,,,,19.18,18.17,-0.037,1.145,,,,,,,,,,,,,,,,,,,
2016-04-13,,,,,,18.62,18.08,-0.318,1.557,,,,,,,,,,,,,,,,,,,
2016-04-14,,,,,,18.1,17.97,-0.109,1.311,,,,,,,,,,,,,,,,,,,
2016-04-15,,,,,,17.32,17.64,-0.14,1.242,,,,,,,,,,,,,,,,,,,
2016-04-16,,,,,,16.86,17.36,-0.207,1.09,,,,,,,,,,,,,,,,,,,
2016-04-17,,,,,,16.26,17.14,-0.129,1.046,,,,,,,,,,,,,,,,,,,
2016-04-18,,,,,,15.59,16.83,-0.097,1.026,,,,,,,,,,,,,,,,,,44.36,39.74
2016-04-19,,,,,,14.74,16.4,-0.106,1.218,,,,,,,,,,,,,,,,,,,
2016-04-20,,,,,,14.36,16.23,-0.065,1.373,,,,,,,,,,,,,,,,,,,
2016-04-21,,,,,,14.14,16.05,0.083,1.247,,,,,,,,,,,,,,,,,,,
2016-04-22,,,,,,13.63,15.84,0.073,1.288,,,,,,,,,,,,,,,,,,,
2016-04-23,,,,,,13.53,15.7,0.03,1.27,,,,,,,,,,,,,,,,,,,
2016-04-24,,,,,,13.64,15.6,-0.05,1.179,,,,,,,,,,,,,,,,,,,
2016-04-25,,,,,,13.73,15.54,0.042,1.005,,,,,,,,,,,,,,,,,,35.51,23.31
2016-04-26,,,,,,13.99,15.51,-0.182,1.107,,,,,,,,,,,,,,,,,,,
2016-04-27,,,,,,13.66,15.42,-0.087,1.112,,,,,,,,,,,,,,,,,,,
2016-04-28,,,,,,14.08,15.41,0.147,0.691,,,,,,,,,,,,,,,,,,,
2016-04-29,,,,,,16.95,16.08,-0.265,1.212,,,,,,,,,,,,,,,,,,,
2016-04-30,,,,,,16.32,16.09,-0.021,0.997,,,,,,,,,,,,,,,,,,,
2016-05-01,,,,,,20.5,16.86,-0.075,1.113,,,,,,,,,,,,,,,,,,,
2016-05-02,,,,,,17.43,17.01,-0.091,1.238,,,,,,,,,,,,,,,,,,94.71,89.94
2016-05-03,,,,,,17.26,17.19,-0.065,1.325,,,,,,,,,,,,,,,,,,,
2016-05-04,,,,,,16.81,17.43,-0.024,1.44,,,,,,,,,,,,,,,,,,,
2016-05-05,,,,,,16.36,17.31,0.067,1.32,,,,,,,,,,,,,,,,,,,
2016-05-06,,,,,,15.82,16.97,-0.01,1.196,,,,,,,,,,,,,,,,,,,
2016-05-07,,,,,,18.59,17.05,-0.248,1.401,,,,,,,,,,,,,,,,,,,
2016-05-08,,,,,,18.38,17.21,-0.033,1.053,,,,,,,,,,,,,,,,,,,
2016-05-09,,,,,,17.83,17.31,-0.373,1.573,,,,,,,,,,,,,,,,,,92.45,90.66
2016-05-10,,,,,,16.18,17.09,-0.329,1.738,,,,,,,,,,,,,,,,,,,
2016-05-11,,,,,,15.57,16.89,-0.185,1.705,,,,,,,,,,,,,,,,,,,
2016-05-12,,,,,,15.12,16.7,0.145,1.49,,,,,,,,,,,,,,,,,,,
2016-05-13,,,,,,14.59,16.47,0.324,1.318,,,,,,,,,,,,,,,,,,,
2016-05-14,,,,,,14.06,16.24,0.315,1.234,,,,,,,,,,,,,,,,,,,
2016-05-15,,,,,,14.04,15.91,0.011,1.491,,,,,,,,,,,,,,,,,,,
2016-05-16,,,,,,13.48,15.65,-0.214,1.802,,,,,,,,,,,,,,,,,,72.1,71.65
2016-05-17,,,,,,14.55,15.63,0.087,1.363,,,,,,,,,,,,,,,,,,,
2016-05-18,,,,,,18.65,16.57,-0.062,1.493,,,,,,,,,,,,,,,,,,,
2016-05-19,,,,,,15.93,16.68,-0.156,1.724,,,,,,,,,,,,,,,,,,,
2016-05-20,,,,,,15.72,16.9,-0.212,1.856,,,,,,,,,,,,,,,,,,,
2016-05-21,,,,,,15.11,16.67,-0.313,1.859,,,,,,,,,,,,,,,,,,,
2016-05-22,,,,,,14.61,16.44,-0.243,1.58,,,,,,,,,,,,,,,,,,,
2016-05-23,,,,,,14.08,16.14,-0.297,1.679,,,,,,,,,,,,,,,,,,61.59,54.69
2016-05-24,,,,,,13.75,15.94,-0.217,1.59,,,,,,,,,,,,,,,,,,,
2016-05-25,,,,,,13.94,15.89,-0.261,1.585,,,,,,,,,,,,,,,,,,,
2016-05-26,,,,,,13.76,15.79,-0.132,1.446,,,,,,,,,,,,,,,,,,,
2016-05-27,,,,,,13.46,15.65,-0.207,1.62,,,,,,,,,,,,,,,,,,,
2016-05-28,,,,,,13.08,15.42,0.096,1.431,,,,,,,,,,,,,,,,,,,
2016-05-29,,,,,,12.85,15.28,0.03,1.519,,,,,,,,,,,,,,,,,,,
2016-05-30,,,,,,12.65,15.17,0.153,1.299,,,,,,,,,,,,,,,,,,34.03,38.58
2016-05-31,,,,,,12.67,15.07,0.157,1.364,,,,,,,,,,,,,,,,,,,
2016-06-01,,,,,,12.34,14.93,0.312,1.127,,,,,,,,,,,,,,,,,,,
2016-06-02,,,,,,12.05,14.83,0.39,0.987,,,,,,,,,,,,,,,,,,,
2016-06-03,,,,,,11.98,14.74,0.607,0.678,,,,,,,,,,,,,,,,,,,
2016-06-04,,,,,,11.61,14.65,0.69,0.535,,,,,,,,,,,,,,,,,,,
2016-06-05,,,,,,11.37,14.56,0.786,0.386,,,,,,,,,,,,,,,,,,,
2016-06-06,,,,,,11.64,14.52,0.579,0.683,,,,,,,,,,,,,,,,,,16.42,40.58
2016-06-07,,,,,,11.63,14.47,0.51,0.773,,,,,,,,,,,,,,,,,,,
2016-06-08,,,,,,11.71,14.45,0.478,0.817,,,,,,,,,,,,,,,,,,,
2016-06-09,,,,,,11.53,14.35,0.348,0.989,,,,,,,,,,,,,,,,,,,
2016-06-10,,,,,,11.57,14.26,0.338,1.0,,,,,,,,,,,,,,,,,,,
2016-06-11,,,,,,13.04,14.26,0.046,1.479,,,,,,,,,,,,,,,,,,,
2016-06-12,,,,,,12.36,14.28,0.122,1.339,,,,,,,,,,,,,,,,,,,
2016-06-13,,,,,,11.87,14.24,0.099,1.344,,,,,,,,,,,,,,,,,,47.52,50.85
2016-06-14,,,,,,11.6,14.17,0.178,1.215,,,,,,,,,,,,,,,,,,,
2016-06-15,,,,,,11.33,14.08,0.186,1.192,,,,,,,,,,,,,,,,,,,
2016-06-16,,,,,,11.18,13.93,0.21,1.145,,,,,,,,,,,,,,,,,,,
2016-06-17,,,,,,11.13,13.85,0.262,1.06,,,,,,,,,,,,,,,,,,,
2016-06-18,,,,,,11.05,13.79,0.475,0.746,,,,,,,,,,,,,,,,,,,
2016-06-19,,,,,,10.78,13.73,0.716,0.394,,,,,,,,,,,,,,,,,,,
2016-06-20,,,,,,10.37,13.65,0.975,0.003,,,,,,,,,,,,,,,,,,11.09,34.78
2016-06-21,,,,,,10.38,13.58,0.855,0.173,,,,,,,,,,,,,,,,,,,
2016-06-22,,,,,,10.78,13.54,0.709,0.389,,,,,,,,,,,,,,,,,,,
2016-06-23,,,,,,10.64,13.49,0.62,0.508,,,,,,,,,,,,,,,,,,,
2016-06-24,,,,,,10.68,13.44,0.527,0.642,,,,,,,,,,,,,,,,,,,
2016-06-25,,,,,,9.59,13.28,0.665,0.42,,,,,,,,,,,,,,,,,,,
2016-06-26,,,,,,9.46,13.22,0.751,0.294,,,,,,,,,,,,,,,,,,,
2016-06-27,,,,,,9.45,13.18,0.686,0.395,,,,,,,,,,,,,,,,,,7.08,34.56
2016-06-28,,,,,,10.92,13.28,0.468,0.744,,,,,,,,,,,,,,,,,,,
2016-06-29,,,,,,11.65,13.38,0.441,0.784,,,,,,,,,,,,,,,,,,,
2016-06-30,,,,,,13.39,13.53,0.55,0.674,,,,,,,,,,,,,,,,,,,
2016-07-01,,,,,,13.37,13.67,0.254,1.098,,,,,,,,,,,,,,,,,,,
2016-07-02,,,,,,15.06,13.92,-0.032,1.587,,,,,,,,,,,,,,,,,,,
2016-07-03,,,,,,14.12,14.31,0.03,1.472,,,,,,,,,,,,,,,,,,,
2016-07-04,,,,,,12.19,14.22,-0.032,1.463,,,,,,,,,,,,,,,,,,54.89,55.44
2016-07-05,,,,,,10.51,13.77,0.166,1.146,,,,,,,,,,,,,,,,,,,
2016-07-06,,,,,,10.18,13.55,0.141,1.16,,,,,,,,,,,,,,,,,,,
2016-07-07,,,,,,9.03,13.21,0.168,1.096,,,,,,,,,,,,,,,,,,,
2016-07-08,,,,,,6.62,12.89,0.219,1.007,,,,,,,,,,,,,,,,,,,
2016-07-09,,,,,,6.42,12.84,0.369,0.794,,,,,,,,,,,,,,,,,,,
2016-07-10,,,,,,5.22,12.75,0.415,0.71,,,,,,,,,,,,,,,,,,,
2016-07-11,,,,,,4.14,12.69,0.485,0.569,,,,,,,,,,,,,,,,,,23.75,29.09
2016-07-12,,,,,,4.1,12.67,0.491,0.546,,,,,,,,,,,,,,,,,,,
2016-07-13,,,,,,3.75,12.64,0.537,0.467,,,,,,,,,,,,,,,,,,,
2016-07-14,,,,,,4.31,12.66,0.544,0.46,,,,,,,,,,,,,,,,,,,
2016-07-15,,,,,,4.07,12.64,0.609,0.336,,,,,,,,,,,,,,,,,,,
2016-07-16,,,,,,4.23,12.65,0.519,0.436,,,,,,,,,,,,,,,,,,,
2016-07-17,,,,,,4.38,12.66,0.518,0.45,,,,,,,,,,,,,,,,,,,
2016-07-18,,,,,,3.96,12.63,0.465,0.503,,,,,,,,,,,,,,,,,,20.1,27.29
2016-07-19,,,,,,9.9,12.96,0.485,0.677,,,,,,,,,,,,,,,,,,,
2016-07-20,,,,,,12.37,13.17,0.422,0.808,,,,,,,,,,,,,,,,,,,
2016-07-21,,,,,,15.19,13.54,0.244,1.136,,,,,,,,,,,,,,,,,,,
2016-07-22,,,,,,11.44,13.36,0.51,0.612,,,,,,,,,,,,,,,,,,,
2016-07-23,,,,,,11.11,13.26,0.425,0.731,,,,,,,,,,,,,,,,,,,
2016-07-24,,,,,,10.32,13.2,0.366,0.781,,,,,,,,,,,,,,,,,,,
2016-07-25,,,,,,8.9,13.03,0.4,0.717,,,,,,,,,,,,,,,,,,43.45,40.71
2016-07-26,,,,,,16.37,13.86,0.291,1.07,,,,,,,,,,,,,,,,,,,
2016-07-27,,,,,,12.48,13.69,0.547,0.57,,,,,,,,,,,,,,,,,,,
2016-07-28,,,,,,11.43,13.54,0.495,0.595,,,,,,,,,,,,,,,,,,,
2016-07-29,,,,,,14.43,13.81,0.405,0.851,,,,,,,,,,,,,,,,,,,
2016-07-30,,,,,,11.97,13.65,0.294,0.91,,,,,,,,,,,,,,,,,,,
2016-07-31,,,,,,11.63,13.48,0.179,1.063,,,,,,,,,,,,,,,,,,,
2016-08-01,,,,,,16.58,13.88,0.156,1.288,,,,,,,,,,,,,,,,,,88.55,40.77
2016-08-02,,,,,,18.41,14.55,0.162,1.344,,,,,,,,,,,,,,,,,,,
2016-08-03,,,,,,16.45,14.95,0.008,1.498,,,,,,,,,,,,,,,,,,,
2016-08-04,,,,,,17.09,15.59,-0.345,2.008,,,,,,,,,,,,,,,,,,,
2016-08-05,,,,,,15.93,15.65,-0.447,2.108,,,,,,,,,,,,,,,,,,,
2016-08-06,,,,,,17.45,16.45,-0.37,2.059,,,,,,,,,,,,,,,,,,,
2016-08-07,,,,,,15.01,16.14,-0.366,1.952,,,,,,,,,,,,,,,,,,,
2016-08-08,,,,,,14.07,15.91,-0.219,1.707,,,,,,,,,,,,,,,,,,71.41,75.57
2016-08-09,,,,,,13.1,15.58,-0.432,1.97,,,,,,,,,,,,,,,,,,,
2016-08-10,,,,,,15.41,15.51,-0.63,2.305,,,,,,,,,,,,,,,,,,,
2016-08-11,,,,,,14.47,15.34,-0.762,2.437,,,,,,,,,,,,,,,,,,,
2016-08-12,,,,,,12.93,15.15,-0.426,1.913,,,,,,,,,,,,,,,,,,,
2016-08-13,,,,,,12.14,14.9,0.044,1.21,,,,,,,,,,,,,,,,,,,
2016-08-14,,,,,,11.5,14.56,0.151,1.028,,,,,,,,,,,,,,,,,,,
2016-08-15,,,,,,11.13,14.34,0.151,1.019,,,,,,,,,,,,,,,,,,55.35,60.1
2016-08-16,,,,,,10.83,14.06,0.246,0.867,,,,,,,,,,,,,,,,,,,
2016-08-17,,,,,,11.13,13.99,0.072,1.118,,,,,,,,,,,,,,,,,,,
2016-08-18,,,,,,14.67,14.32,-0.069,1.458,,,,,,,,,,,,,,,,,,,
2016-08-19,,,,,,14.59,14.94,-0.389,1.915,,,,,,,,,,,,,,,,,,,
2016-08-20,,,,,,14.03,14.98,-0.253,1.682,,,,,,,,,,,,,,,,,,,
2016-08-21,,,,,,15.26,15.14,-0.174,1.618,,,,,,,,,,,,,,,,,,,
2016-08-22,,,,,,14.05,15.17,-0.459,1.979,,,,,,,,,,,,,,,,,,62.4,48.94
2016-08-23,,,,,,15.96,15.38,-0.145,1.607,,,,,,,,,,,,,,,,,,,
2016-08-24,,,,,,16.27,15.87,-0.473,2.079,,,,,,,,,,,,,,,,,,,
2016-08-25,,,,,,15.28,15.95,-0.386,1.91,,,,,,,,,,,,,,,,,,,
2016-08-26,,,,,,15.55,15.84,-0.738,2.423,,,,,,,,,,,,,,,,,,,
2016-08-27,,,,,,17.99,16.18,-0.244,1.806,,,,,,,,,,,,,,,,,,,
2016-08-28,,,,,,21.43,17.48,-1.427,3.595,,,,,,,,,,,,,,,,,,,
2016-08-29,,,,,,16.74,17.32,-1.146,3.041,,,,,,,,,,,,,,,,,,36.09,38.59
2016-08-30,,,,,,16.35,17.3,-0.936,2.72,,,,,,,,,,,,,,,,,,,
2016-08-31,,,,,,15.12,16.79,-0.773,2.437,,,,,,,,,,,,,,,,,,,
2016-09-01,,,,,,15.34,16.34,-0.909,2.638,,,,,,,,,,,,,,,,,,,
2016-09-02,,,,,,17.27,16.33,-1.012,2.866,,,,,,,,,,,,,,,,,,,
2016-09-03,,,,,,16.01,16.4,-1.448,3.439,,,,,,,,,,,,,,,,,,,
2016-09-04,,,,,,15.08,16.37,-1.107,2.918,,,,,,,,,,,,,,,,,,,
2016-09-05,,,,,,13.68,15.98,-0.954,2.64,,,,,,,,,,,,,,,,,,65.43,68.41
2016-09-06,,,,,,13.79,15.8,-0.874,2.529,,,,,,,,,,,,,,,,,,,
2016-09-07,,,,,,12.87,15.31,-0.221,1.572,,,,,,,,,,,,,,,,,,,
2016-09-08,,,,,,13.41,15.19,-1.163,2.922,,,,,,,,,,,,,,,,,,,
2016-09-09,,,,,,12.65,14.95,-0.83,2.411,,,,,,,,,,,,,,,,,,,
2016-09-10,,,,,,12.18,14.83,-0.579,2.031,,,,,,,,,,,,,,,,,,,
2016-09-11,,,,,,12.27,14.77,-0.636,2.101,,,,,,,,,,,,,,,,,,,
2016-09-12,,,,,,12.13,14.79,-0.565,1.984,,,,,,,,,,,,,,,,,,44.81,47.87
2016-09-13,,,,,,11.97,14.63,-0.486,1.868,,,,,,,,,,,,,,,,,,,
2016-09-14,,,,,,12.3,14.57,-0.438,1.803,,,,,,,,,,,,,,,,,,,
2016-09-15,,,,,,11.43,14.4,-0.228,1.442,,,,,,,,,,,,,,,,,,,
2016-09-16,,,,,,11.15,14.27,-0.136,1.297,,,,,,,,,,,,,,,,,,,
2016-09-17,,,,,,10.71,14.02,-0.015,1.123,,,,,,,,,,,,,,,,,,,
2016-09-18,,,,,,10.94,13.82,0.085,0.973,,,,,,,,,,,,,,,,,,,
2016-09-19,,,,,,10.43,13.68,0.309,0.657,,,,,,,,,,,,,,,,,,31.85,32.93
2016-09-20,,,,,,16.59,14.05,0.503,0.615,,,,,,,,,,,,,,,,,,,
2016-09-21,,,,,,20.02,17.58,-1.16,2.915,,,,,,,,,,,,,,,,,,,
2016-09-22,,,,,,21.32,18.24,-0.851,2.637,,,,,,,,,,,,,,,,,,,
2016-09-23,,,,,,22.75,21.27,-0.912,2.285,,,,,,,,,,,,,,,,,,,
2016-09-24,,,,,,20.71,20.25,-0.982,2.327,,,,,,,,,,,,,,,,,,,
2016-09-25,,,,,,19.63,19.46,-1.073,2.52,,,,,,,,,,,,,,,,,,,
2016-09-26,,,,,,18.57,18.72,-0.812,2.275,,,,,,,,,,,,,,,,,,81.91,81.3
2016-09-27,,,,,,19.23,18.35,-0.674,2.165,,,,,,,,,,,,,,,,,,,
2016-09-28,,,,,,19.12,18.19,-0.612,1.999,,,,,,,,,,,,,,,,,,,
2016-09-29,,,,,,19.57,18.29,-0.411,1.781,,,,,,,,,,,,,,,,,,,
2016-09-30,,,,,,20.44,18.32,-0.8,2.304,,,,,,,,,,,,,,,,,,,
2016-10-01,,,,,,19.19,18.35,-0.907,2.472,,,,,,,,,,,,,,,,,,,
2016-10-02,,,,,,18.09,18.05,-1.099,2.73,,,,,,,,,,,,,,,,,,,
2016-10-03,,,,,,17.66,17.81,-0.773,2.114,,,,,,,,,,,,,,,,,,85.62,84.86
2016-10-04,,,,,,16.84,17.57,-0.849,2.048,,,,,,,,,,,,,,,,,,,
2016-10-05,,,,,,16.34,17.37,-0.82,2.002,,,,,,,,,,,,,,,,,,,
2016-10-06,,,,,,15.46,16.95,-0.567,1.665,,,,,,,,,,,,,,,,,,,
2016-10-07,,,,,,14.55,16.6,-0.384,1.407,,,,,,,,,,,,,,,,,,,
2016-10-08,,,,,,16.71,16.65,0.295,0.466,,,,,,,,,,,,,,,,,,,
2016-10-09,,,,,,17.0,16.88,-0.826,2.069,,,,,,,,,,,,,,,,,,,
2016-10-10,,,,,,15.96,16.83,-0.635,1.973,,,,,,,,,,,,,,,,,,,
2016-10-11,,,,,,15.76,16.77,-0.639,2.009,,,,,,,,,,,,,,,,,,,
2016-10-12,,,,,,15.13,16.54,-0.573,1.836,,,,,,,,,,,,,,,,,,,
2016-10-13,,,,,,15.05,16.49,-0.558,1.799,,,,,,,,,,,,,,,,,,,
2016-10-14,,,,,,14.93,16.46,-0.385,1.58,,,,,,,,,,,,,,,,,,,
2016-10-15,,,,,,14.19,16.11,-0.291,1.386,,,,,,,,,,,,,,,,,,,
2016-10-16,,,,,,14.46,16.05,-0.241,1.294,,,,,,,,,,,,,,,,,,,
2016-10-17,,,,,,13.86,15.84,-0.24,1.284,,,,,,,,,,,,,,,,,,,
2016-10-18,,,,,,14.09,15.8,-0.313,1.302,,,,,,,,,,,,,,,,,,,
2016-10-19,,,,,,13.56,15.62,-0.131,1.011,,,,,,,,,,,,,,,,,,,
2016-10-20,,,,,,13.25,15.39,-0.044,0.842,,,,,,,,,,,,,,,,,,,
2016-10-21,,,,,,13.06,15.26,-0.075,0.979,,,,,,,,,,,,,,,,,,,
2016-10-22,,,,,,13.13,15.05,-0.121,1.14,,,,,,,,,,,,,,,,,,,
2016-10-23,,,,,,13.16,15.05,-0.029,0.993,,,,,,,,,,,,,,,,,,,
2016-10-24,,,,,,14.17,15.09,0.309,0.559,,,,,,,,,,,,,,,,,,,
2016-10-25,,,,,,16.19,15.33,-0.036,1.119,,,,,,,,,,,,,,,,,,,
2016-10-26,,,,,,15.33,15.63,-0.001,0.993,,,,,,,,,,,,,,,,,,,
2016-10-27,,,,,,15.21,15.95,0.201,0.695,,,,,,,,,,,,,,,,,,,
2016-10-28,,,,,,15.29,16.07,0.211,0.708,,,,,,,,,,,,,,,,,,,
2016-10-29,,,,,,14.66,15.97,-0.069,1.039,,,,,,,,,,,,,,,,,,,
2016-10-30,,,,,,14.63,15.85,0.155,0.747,,,,,,,,,,,,,,,,,,,
2016-10-31,,,,,,14.39,15.78,-0.086,1.009,,,,,,,,,,,,,,,,,,,
2016-11-01,,,,,,14.13,15.68,-0.024,0.786,,,,,,,,,,,,,,,,,,,
2016-11-02,,,,,,13.81,15.49,-0.053,0.711,,,,,,,,,,,,,,,,,,,
2016-11-03,,,,,,13.37,15.35,0.081,0.568,,,,,,,,,,,,,,,,,,,
2016-11-04,,,,,,13.59,15.2,0.013,0.692,,,,,,,,,,,,,,,,,,,
2016-11-05,,,,,,13.96,15.23,-0.051,0.808,,,,,,,,,,,,,,,,,,,
2016-11-06,,,,,,13.52,15.18,-0.089,0.882,,,,,,,,,,,,,,,,,,,
2016-11-07,,,,,,13.67,15.13,0.033,0.754,,,,,,,,,,,,,,,,,,,
2016-11-08,,,,,,13.59,15.14,0.028,0.754,,,,,,,,,,,,,,,,,,,
2016-11-09,,,,,,13.3,15.09,0.006,0.787,,,,,,,,,,,,,,,,,,,
2016-11-10,,,,,,13.49,15.05,-0.016,0.749,,,,,,,,,,,,,,,,,,,
2016-11-11,,,,,,12.75,14.93,-0.013,0.687,,,,,,,,,,,,,,,,,,,
2016-11-12,,,,,,12.56,14.71,0.03,0.632,,,,,,,,,,,,,,,,,,,
2016-11-13,,,,,,13.36,14.75,-0.004,0.692,,,,,,,,,,,,,,,,,,,
2016-11-14,,,,,,13.05,14.72,0.025,0.676,,,,,,,,,,,,,,,,,,,
2016-11-15,,,,,,13.29,14.76,0.009,0.68,,,,,,,,,,,,,,,,,,,
2016-11-16,,,,,,13.17,14.74,0.252,0.345,,,,,,,,,,,,,,,,,,,
2016-11-17,,,,,,12.83,14.73,0.039,0.461,,,,,,,,,,,,,,,,,,,
2016-11-18,,,,,,12.94,14.7,0.058,0.259,,,,,,,,,,,,,,,,,,,
2016-11-19,,,,,,13.26,14.73,0.01,0.411,,,,,,,,,,,,,,,,,,,
2016-11-20,,,,,,13.12,14.7,0.198,0.24,,,,,,,,,,,,,,,,,,,
2016-11-21,,,,,,22.89,16.18,0.106,0.508,,,,,,,,,,,,,,,,,,,
2016-11-22,,,,,,18.63,17.1,-0.113,0.653,,,,,,,,,,,,,,,,,,,
2016-11-23,,,,,,16.6,16.86,-0.097,0.561,,,,,,,,,,,,,,,,,,,
2016-11-24,,,,,,16.1,16.66,-0.071,0.495,,,,,,,,,,,,,,,,,,,
2016-11-25,,,,,,15.65,16.47,-0.02,0.368,,,,,,,,,,,,,,,,,,,
2016-11-26,,,,,,15.53,16.34,0.047,0.337,,,,,,,,,,,,,,,,,,,
2016-11-27,,,,,,15.95,16.26,0.079,0.254,,,,,,,,,,,,,,,,,,,
2016-11-28,,,,,,16.97,16.39,0.069,0.16,,,,,,,,,,,,,,,,,,,
2016-11-29,,,,,,16.08,16.35,-0.022,0.261,,,,,,,,,,,,,,,,,,,
2016-11-30,,,,,,15.5,16.26,-0.004,0.225,,,,,,,,,,,,,,,,,,,
2016-12-01,,,,,,15.45,16.19,0.034,0.185,,,,,,,,,,,,,,,,,,,
2016-12-02,,,,,,15.41,16.14,-0.027,0.311,,,,,,,,,,,,,,,,,,,
2016-12-03,,,,,,15.22,16.09,-0.085,0.365,,,,,,,,,,,,,,,,,,,
2016-12-04,,,,,,15.08,16.04,-0.044,0.328,,,,,,,,,,,,,,,,,,,
2016-12-05,,,,,,15.03,15.99,-0.032,0.37,,,,,,,,,,,,,,,,,,,
2016-12-06,,,,,,14.9,15.95,-0.027,0.372,,,,,,,,,,,,,,,,,,,
2016-12-07,,,,,,14.94,15.91,-0.044,0.355,,,,,,,,,,,,,,,,,,,
2016-12-08,,,,,,14.91,15.89,-0.055,0.367,,,,,,,,,,,,,,,,,,,
2016-12-09,,,,,,14.91,15.87,0.007,0.296,,,,,,,,,,,,,,,,,,,
2016-12-10,,,,,,14.88,15.86,-0.121,0.517,,,,,,,,,,,,,,,,,,,
2016-12-11,,,,,,14.83,15.84,0.012,0.422,,,,,,,,,,,,,,,,,,,
2016-12-12,,,,,,14.85,15.82,-0.031,0.485,,,,,,,,,,,,,,,,,,,
2016-12-13,,,,,,14.97,15.81,0.0,0.504,,,,,,,,,,,,,,,,,,,
2016-12-14,,,,,,14.98,15.81,0.007,0.456,,,,,,,,,,,,,,,,,,,
2016-12-15,,,,,,14.87,15.8,0.054,0.376,,,,,,,,,,,,,,,,,,,
2016-12-16,,,,,,17.31,16.01,0.218,0.245,,,,,,,,,,,,,,,,,,,
2016-12-17,,,,,,18.13,16.49,0.019,0.392,,,,,,,,,,,,,,,,,,,
2016-12-18,,,,,,15.87,16.4,0.06,0.139,,,,,,,,,,,,,,,,,,,
2016-12-19,,,,,,15.65,16.31,0.045,0.142,,,,,,,,,,,,,,,,,,,
2016-12-20,,,,,,15.59,16.24,-0.006,0.239,,,,,,,,,,,,,,,,,,,
2016-12-21,,,,,,15.49,16.19,0.046,0.295,,,,,,,,,,,,,,,,,,,
2016-12-22,,,,,,25.81,17.73,0.232,0.31,,,,,,,,,,,,,,,,,,,
2016-12-23,,,,,,20.99,18.78,0.121,0.323,,,,,,,,,,,,,,,,,,,
2016-12-24,,,,,,20.83,18.5,0.149,0.278,,,,,,,,,,,,,,,,,,,
2016-12-25,,,,,,20.36,18.51,0.113,0.124,,,,,,,,,,,,,,,,,,,
2016-12-26,,,,,,19.47,18.21,0.064,0.141,,,,,,,,,,,,,,,,,,,
2016-12-27,,,,,,19.46,18.05,-0.022,0.282,,,,,,,,,,,,,,,,,,,
2016-12-28,,,,,,19.06,17.92,-0.113,0.453,,,,,,,,,,,,,,,,,,,
2016-12-29,,,,,,18.55,17.77,-0.08,0.445,,,,,,,,,,,,,,,,,,,
2016-12-30,,,,,,18.03,17.62,-0.078,0.466,,,,,,,,,,,,,,,,,,,
2016-12-31,,,,,,20.5,17.85,0.014,0.504,,,,,,,,,,,,,,,,,,,
2017-01-01,,,,,,20.91,18.11,0.064,0.417,,,,,,,,,,,,,,,,,,,
2017-01-02,,,,,,19.52,18.11,0.202,0.096,,,,,,,,,,,,,,,,,,,
2017-01-03,,,,,,18.96,17.98,0.069,0.259,,,,,,,,,,,,,,,,,,,
2017-01-04,,,,,,18.44,17.84,0.034,0.285,,,,,,,,,,,,,,,,,,,
2017-01-05,,,,,,18.21,17.73,0.048,0.3,,,,,,,,,,,,,,,,,,,
2017-01-06,,,,,,18.23,17.67,0.107,0.23,,,,,,,,,,,,,,,,,,,
2017-01-07,,,,,,17.85,17.59,0.104,0.119,,,,,,,,,,,,,,,,,,,
2017-01-08,,,,,,17.73,17.53,0.017,0.323,,,,,,,,,,,,,,,,,,,
2017-01-09,,,,,,18.55,17.54,0.164,0.226,,,,,,,,,,,,,,,,,,,
2017-01-10,,,,,,19.2,17.78,0.045,0.433,,,,,,,,,,,,,,,,,,,
2017-01-11,,,,,,18.08,17.68,-0.074,0.561,,,,,,,,,,,,,,,,,,,
2017-01-12,,,,,,17.93,17.61,0.144,0.275,,,,,,,,,,,,,,,,,,,
2017-01-13,,,,,,18.0,17.58,-0.027,0.464,,,,,,,,,,,,,,,,,,,
2017-01-14,,,,,,17.79,17.52,-0.012,0.458,,,,,,,,,,,,,,,,,,,
2017-01-15,,,,,,20.03,17.79,0.053,0.389,,,,,,,,,,,,,,,,,,,
2017-01-16,,,,,,18.91,17.84,-0.051,0.528,,,,,,,,,,,,,,,,,,,
2017-01-17,,,,,,18.17,17.76,0.059,0.315,,,,,,,,,,,,,,,,,,,
2017-01-18,,,,,,18.01,17.68,-0.017,0.402,,,,,,,,,,,,,,,,,,,
2017-01-19,,,,,,18.59,17.67,0.078,0.269,,,,,,,,,,,,,,,,,,,
2017-01-20,,,,,,20.74,17.98,0.12,0.186,,,,,,,,,,,,,,,,,,,
2017-01-21,,,,,,20.87,18.27,-0.035,0.389,,,,,,,,,,,,,,,,,,,
2017-01-22,,,,,,20.11,18.33,0.066,0.181,,,,,,,,,,,,,,,,,,,
2017-01-23,,,,,,20.71,18.42,-0.023,0.358,,,,,,,,,,,,,,,,,,,
2017-01-24,,,,,,20.72,18.59,0.115,0.127,,,,,,,,,,,,,,,,,,,
2017-01-25,,,,,,19.94,18.53,-0.008,0.256,,,,,,,,,,,,,,,,,,,
2017-01-26,,,,,,19.64,18.46,-0.021,0.267,,,,,,,,,,,,,,,,,,,
2017-01-27,,,,,,19.33,18.36,0.023,0.2,,,,,,,,,,,,,,,,,,,
2017-01-28,,,,,,19.1,18.25,0.038,0.179,,,,,,,,,,,,,,,,,,,
2017-01-29,,,,,,19.02,18.18,-0.212,0.538,,,,,,,,,,,,,,,,,,,
2017-01-30,,,,,,18.9,18.12,-0.203,0.566,,,,,,,,,,,,,,,,,,,
2017-01-31,,,,,,18.67,18.04,-0.281,0.791,,,,,,,,,,,,,,,,,,,
2017-02-01,,,,,,18.45,17.96,-0.242,0.781,,,,,,,,,,,,,,,,,,,
2017-02-02,,,,,,18.3,17.88,-0.125,0.587,,,,,,,,,,,,,,,,,,,
2017-02-03,,,,,,18.14,17.82,-0.191,0.729,,,,,,,,,,,,,,,,,,,
2017-02-04,,,,,,18.02,17.76,-0.137,0.683,,,,,,,,,,,,,,,,,,,
2017-02-05,,,,,,17.89,17.7,-0.188,0.76,,,,,,,,,,,,,,,,,,,
2017-02-06,,,,,,18.39,17.93,-0.037,0.585,,,,,,,,,,,,,,,,,,,
2017-02-07,,,,,,18.44,17.9,-0.152,0.882,,,,,,,,,,,,,,,,,,,
2017-02-08,,,,,,18.34,17.87,-0.182,1.003,,,,,,,,,,,,,,,,,,,
2017-02-09,,,,,,18.59,18.05,-0.134,1.042,,,,,,,,,,,,,,,,,,,
2017-02-10,,,,,,18.35,17.98,0.05,0.842,,,,,,,,,,,,,,,,,,,
2017-02-11,,,,,,18.98,18.24,0.236,0.511,,,,,,,,,,,,,,,,,,,
2017-02-12,,,,,,21.63,18.57,0.097,0.677,,,,,,,,,,,,,,,,,,,
2017-02-13,,,,,,21.3,19.12,0.013,0.725,,,,,,,,,,,,,,,,,,,
2017-02-14,,,,,,19.9,19.06,-0.137,0.85,,,,,,,,,,,,,,,,,,,
2017-02-15,,,,,,19.36,18.87,-0.039,0.672,,,,,,,,,,,,,,,,,,,
2017-02-16,,,,,,19.25,18.73,-0.127,0.793,,,,,,,,,,,,,,,,,,,
2017-02-17,,,,,,19.8,18.92,-0.035,0.689,,,,,,,,,,,,,,,,,,,
2017-02-18,,,,,,20.64,18.97,-0.025,0.649,,,,,,,,,,,,,,,,,,,
2017-02-19,,,,,,22.87,19.94,-0.086,0.758,,,,,,,,,,,,,,,,,,,
2017-02-20,,,,,,21.16,19.99,-0.098,0.807,,,,,,,,,,,,,,,,,,,
2017-02-21,,,,,,20.62,19.82,-0.103,0.872,,,,,,,,,,,,,,,,,,,
2017-02-22,,,,,,21.1,20.18,-0.066,0.885,,,,,,,,,,,,,,,,,,,
2017-02-23,,,,,,20.8,20.03,0.028,0.48,,,,,,,,,,,,,,,,,,,
2017-02-24,,,,,,20.65,19.91,-0.06,0.455,,,,,,,,,,,,,,,,,,,
2017-02-25,,,,,,20.67,19.9,-0.151,0.564,,,,,,,,,,,,,,,,,,,
2017-02-26,,,,,,20.51,19.8,-0.112,0.579,,,,,,,,,,,,,,,,,,,
2017-02-27,,,,,,21.32,19.74,0.06,0.317,,,,,,,,,,,,,,,,,,,
2017-02-28,,,,,,25.22,20.63,-0.26,0.876,,,,,,,,,,,,,,,,,,,
2017-03-01,,,,,,22.36,20.83,-0.05,0.478,,,,,,,,,,,,,,,,,,,
2017-03-02,,,,,,21.69,20.64,-0.085,0.539,,,,,,,,,,,,,,,,,,,
2017-03-03,,,,,,21.39,20.47,-0.221,0.81,,,,,,,,,,,,,,,,,,,
2017-03-04,,,,,,20.89,20.23,-0.105,0.78,,,,,,,,,,,,,,,,,,,
2017-03-05,,,,,,20.68,20.07,-0.115,0.833,,,,,,,,,,,,,,,,,,,
2017-03-06,,,,,,20.57,19.94,-0.013,0.543,,,,,,,,,,,,,,,,,,,
2017-03-07,,,,,,20.33,19.82,-0.115,0.692,,,,,,,,,,,,,,,,,,,
2017-03-08,,,,,,20.11,19.69,-0.103,0.904,,,,,,,,,,,,,,,,,,,
2017-03-09,,,,,,19.89,19.57,-0.136,1.121,,,,,,,,,,,,,,,,,,,
2017-03-10,,,,,,20.62,20.09,-0.271,1.375,,,,,,,,,,,,,,,,,,,
2017-03-11,,,,,,20.18,19.96,-0.145,1.263,,,,,,,,,,,,,,,,,,,
2017-03-12,,,,,,19.99,19.79,-0.058,1.209,,,,,,,,,,,,,,,,,,,
2017-03-13,,,,,,19.85,19.64,-0.032,1.19,,,,,,,,,,,,,,,,,,,
2017-03-14,,,,,,19.61,19.49,-0.142,1.443,,,,,,,,,,,,,,,,,,,
2017-03-15,,,,,,19.53,19.41,-0.101,1.34,,,,,,,,,,,,,,,,,,,
2017-03-16,,,,,,18.99,19.23,-0.242,1.562,,,,,,,,,,,,,,,,,,,
2017-03-17,,,,,,18.76,18.97,-0.232,1.565,,,,,,,,,,,,,,,,,,,
2017-03-18,,,,,,18.58,18.67,-0.228,1.565,,,,,,,,,,,,,,,,,,,
2017-03-19,,,,,,18.31,18.54,-0.225,1.554,,,,,,,,,,,,,,,,,,,
2017-03-20,,,,,,18.1,18.34,-0.084,1.385,,,,,,,,,,,,,,,,,,,
2017-03-21,,,,,,17.93,18.17,-0.113,1.377,,,,,,,,,,,,,,,,,,,
2017-03-22,,,,,,17.85,18.04,-0.046,1.232,,,,,,,,,,,,,,,,,,,
2017-03-23,,,,,,22.72,18.67,0.035,0.887,,,,,,,,,,,,,,,,,,,
2017-03-24,,,,,,19.85,18.92,-0.292,1.188,,,,,,,,,,,,,,,,,,,
2017-03-25,,,,,,19.02,18.77,-0.161,1.094,,,,,,,,,,,,,,,,,,,
2017-03-26,,,,,,18.99,18.7,-0.256,1.182,,,,,,,,,,,,,,,,,,,
2017-03-27,,,,,,18.67,18.54,-0.369,1.452,,,,,,,,,,,,,,,,,,,
2017-03-28,,,,,,19.8,18.56,-0.354,1.33,,,,,,,,,,,,,,,,,,,
2017-03-29,,,,,,18.64,18.49,-0.246,1.172,,,,,,,,,,,,,,,,,,,
2017-03-30,,,,,,18.29,18.34,-0.326,1.403,,,,,,,,,,,,,,,,,,,
2017-03-31,,,,,,18.72,18.14,-0.024,0.78,,,,,,,,,,,,,,,,,,,
2017-04-01,,,,,,20.54,18.42,-0.366,1.269,,,,,,,,,,,,,,,,,,,
2017-04-02,,,,,,18.85,18.47,-0.358,1.338,,,,,,,,,,,,,,,,,,,
2017-04-03,,,,,,18.33,18.31,-0.365,1.46,,,,,,,,,,,,,,,,,,,
2017-04-04,,,,,,19.51,18.38,-0.271,1.153,,,,,,,,,,,,,,,,,,,
2017-04-05,,,,,,18.31,18.25,-0.188,1.075,,,,,,,,,,,,,,,,,,,
2017-04-06,,,,,,17.96,18.1,-0.38,1.549,,,,,,,,,,,,,,,,,,,
2017-04-07,,,,,,17.63,17.95,-0.144,1.362,,,,,,,,,,,,,,,,,,,
2017-04-08,,,,,,17.64,17.9,-0.237,1.38,,,,,,,,,,,,,,,,,,,
2017-04-09,,,,,,17.08,17.59,0.006,0.872,,,,,,,,,,,,,,,,,,,
2017-04-10,,,,,,16.69,17.4,-0.148,1.075,,,,,,,,,,,,,,,,,,,
2017-04-11,,,,,,16.12,17.17,-0.158,1.203,,,,,,,,,,,,,,,,,,,
2017-04-12,,,,,,15.6,16.99,-0.233,1.438,,,,,,,,,,,,,,,,,,,
2017-04-13,,,,,,15.1,16.72,-0.219,1.483,,,,,,,,,,,,,,,,,,,
2017-04-14,,,,,,15.18,16.63,-0.154,1.303,,,,,,,,,,,,,,,,,,,
2017-04-15,,,,,,14.68,16.53,-0.366,1.588,,,,,,,,,,,,,,,,,,,
2017-04-16,,,,,,14.59,16.39,-0.341,1.674,,,,,,,,,,,,,,,,,,,
2017-04-17,,,,,,14.6,16.39,-0.348,1.715,,,,,,,,,,,,,,,,,,,
2017-04-18,,,,,,14.59,16.36,-0.37,1.789,,,,,,,,,,,,,,,,,,,
2017-04-19,,,,,,14.69,16.33,-0.318,1.747,,,,,,,,,,,,,,,,,,,
2017-04-20,,,,,,14.32,16.29,-0.309,1.7,,,,,,,,,,,,,,,,,,,
2017-04-21,,,,,,14.03,16.2,-0.162,1.44,,,,,,,,,,,,,,,,,,,
2017-04-22,,,,,,14.1,16.12,-0.057,1.39,,,,,,,,,,,,,,,,,,,
2017-04-23,,,,,,14.08,16.08,-0.132,1.601,,,,,,,,,,,,,,,,,,,
2017-04-24,,,,,,14.09,16.0,-0.196,1.508,,,,,,,,,,,,,,,,,,,
2017-04-25,,,,,,14.14,15.97,-0.446,1.838,,,,,,,,,,,,,,,,,,,
2017-04-26,,,,,,13.96,15.91,-0.274,1.417,,,,,,,,,,,,,,,,,,,
2017-04-27,,,,,,13.85,15.83,-0.399,1.802,,,,,,,,,,,,,,,,,,,
2017-04-28,,,,,,13.81,15.76,-0.402,1.671,,,,,,,,,,,,,,,,,,,
2017-04-29,,,,,,13.41,15.56,-0.366,1.312,,,,,,,,,,,,,,,,,,,
2017-04-30,,,,,,13.12,15.3,-0.193,1.19,,,,,,,,,,,,,,,,,,,
2017-05-01,,,,,,12.9,15.25,-0.312,1.6,,,,,,,,,,,,,,,,,,,
2017-05-02,,,,,,12.92,15.18,-0.287,1.747,,,,,,,,,,,,,,,,,,,
2017-05-03,,,,,,12.86,15.17,-0.068,1.612,,,,,,,,,,,,,,,,,,,
2017-05-04,,,,,,12.75,15.12,0.045,1.494,,,,,,,,,,,,,,,,,,,
2017-05-05,,,,,,12.79,15.07,0.032,1.509,,,,,,,,,,,,,,,,,,,
2017-05-06,,,,,,12.64,15.03,-0.114,1.708,,,,,,,,,,,,,,,,,,,
2017-05-07,,,,,,12.79,14.98,-0.384,1.731,,,,,,,,,,,,,,,,,,,
2017-05-08,,,,,,13.52,15.08,-0.288,1.367,,,,,,,,,,,,,,,,,,,
2017-05-09,,,,,,15.62,15.28,0.051,1.014,,,,,,,,,,,,,,,,,,,
2017-05-10,,,,,,15.64,15.62,-0.227,1.274,,,,,,,,,,,,,,,,,,,
2017-05-11,,,,,,14.29,15.62,-0.468,1.828,,,,,,,,,,,,,,,,,,,
2017-05-12,,,,,,13.93,15.62,-0.389,2.071,,,,,,,,,,,,,,,,,,,
2017-05-13,,,,,,13.95,15.71,-0.306,1.865,,,,,,,,,,,,,,,,,,,
2017-05-14,,,,,,13.53,15.58,-0.223,1.547,,,,,,,,,,,,,,,,,,,
2017-05-15,,,,,,13.19,15.44,-0.33,1.569,,,,,,,,,,,,,,,,,,,
2017-05-16,,,,,,13.22,15.36,-0.477,1.719,,,,,,,,,,,,,,,,,,,
2017-05-17,,,,,,13.24,15.29,-0.585,1.841,,,,,,,,,,,,,,,,,,,
2017-05-18,,,,,,13.83,15.25,-0.233,1.307,,,,,,,,,,,,,,,,,,,
2017-05-19,,,,,,14.04,15.3,-0.291,1.346,,,,,,,,,,,,,,,,,,,
2017-05-20,,,,,,13.42,15.23,-0.318,1.599,,,,,,,,,,,,,,,,,,,
2017-05-21,,,,,,12.59,15.08,-0.192,1.667,,,,,,,,,,,,,,,,,,,
2017-05-22,,,,,,12.52,14.99,-0.067,1.603,,,,,,,,,,,,,,,,,,,
2017-05-23,,,,,,12.29,14.89,0.058,1.409,,,,,,,,,,,,,,,,,,,
2017-05-24,,,,,,12.36,14.83,0.12,1.324,,,,,,,,,,,,,,,,,,,
2017-05-25,,,,,,12.17,14.76,0.264,1.102,,,,,,,,,,,,,,,,,,,
2017-05-26,,,,,,12.25,14.71,0.115,1.312,,,,,,,,,,,,,,,,,,,
2017-05-27,,,,,,11.96,14.63,0.121,1.284,,,,,,,,,,,,,,,,,,,
2017-05-28,,,,,,12.1,14.57,0.228,1.135,,,,,,,,,,,,,,,,,,,
2017-05-29,,,,,,12.09,14.51,0.284,1.052,,,,,,,,,,,,,,,,,,,
2017-05-30,,,,,,11.97,14.46,0.291,1.03,,,,,,,,,,,,,,,,,,,
2017-05-31,,,,,,12.28,14.44,0.12,1.279,,,,,,,,,,,,,,,,,,,
2017-06-01,,,,,,12.2,14.39,0.164,1.211,,,,,,,,,,,,,,,,,,,
2017-06-02,,,,,,11.75,14.31,0.221,1.107,,,,,,,,,,,,,,,,,,,
2017-06-03,,,,,,11.47,14.21,0.388,0.849,,,,,,,,,,,,,,,,,,,
2017-06-04,,,,,,11.6,14.22,0.396,0.847,,,,,,,,,,,,,,,,,,,
2017-06-05,,,,,,11.47,14.17,0.348,0.902,,,,,,,,,,,,,,,,,,,
2017-06-06,,,,,,11.61,14.15,0.403,0.826,,,,,,,,,,,,,,,,,,,
2017-06-07,,,,,,11.48,14.09,0.388,0.834,,,,,,,,,,,,,,,,,,,
2017-06-08,,,,,,11.49,14.05,0.344,0.898,,,,,,,,,,,,,,,,,,,
2017-06-09,,,,,,11.66,14.02,0.332,0.923,,,,,,,,,,,,,,,,,,,
2017-06-10,,,,,,11.32,13.97,0.375,0.839,,,,,,,,,,,,,,,,,,,
2017-06-11,,,,,,11.46,13.94,0.202,1.076,,,,,,,,,,,,,,,,,,,
2017-06-12,,,,,,11.2,13.79,0.301,0.903,,,,,,,,,,,,,,,,,,,
2017-06-13,,,,,,10.95,13.7,0.364,0.759,,,,,,,,,,,,,,,,,,,
2017-06-14,,,,,,10.77,13.57,0.482,0.64,,,,,,,,,,,,,,,,,,,
2017-06-15,,,,,,10.54,13.51,0.56,0.499,,,,,,,,,,,,,,,,,,,
2017-06-16,,,,,,10.15,13.42,0.604,0.396,,,,,,,,,,,,,,,,,,,
2017-06-17,,,,,,10.3,13.38,0.707,0.275,,,,,,,,,,,,,,,,,,,
2017-06-18,,,,,,9.92,13.33,0.747,0.192,,,,,,,,,,,,,,,,,,,
2017-06-19,,,,,,10.6,13.36,0.817,0.129,,,,,,,,,,,,,,,,,,,
2017-06-20,,,,,,10.28,13.32,0.902,0.003,,,,,,,,,,,,,,,,,,,
2017-06-21,,,,,,9.85,13.26,0.879,0.001,,,,,,,,,,,,,,,,,,,
2017-06-22,,,,,,10.27,13.29,0.881,0.003,,,,,,,,,,,,,,,,,,,
2017-06-23,,,,,,9.92,13.23,0.875,0.005,,,,,,,,,,,,,,,,,,,
2017-06-24,,,,,,9.41,13.16,0.855,0.017,,,,,,,,,,,,,,,,,,,
2017-06-25,,,,,,9.47,13.13,0.877,0.003,,,,,,,,,,,,,,,,,,,
2017-06-26,,,,,,9.26,13.11,0.778,0.125,,,,,,,,,,,,,,,,,,,
2017-06-27,,,,,,9.07,13.06,0.679,0.27,,,,,,,,,,,,,,,,,,,
2017-06-28,,,,,,8.06,12.95,0.626,0.256,,,,,,,,,,,,,,,,,,,
2017-06-29,,,,,,7.41,12.9,0.618,0.253,,,,,,,,,,,,,,,,,,,
2017-06-30,,,,,,5.93,12.79,0.636,0.196,,,,,,,,,,,,,,,,,,,
2017-07-01,,,,,,6.07,12.8,0.7,0.108,,,,,,,,,,,,,,,,,,,
2017-07-02,,,,,,5.59,12.77,0.616,0.205,,,,,,,,,,,,,,,,,,,
2017-07-03,,,,,,5.66,12.77,0.583,0.247,,,,,,,,,,,,,,,,,,,
2017-07-04,,,,,,6.33,12.8,0.636,0.195,,,,,,,,,,,,,,,,,,,
2017-07-05,,,,,,6.04,12.79,0.725,0.043,,,,,,,,,,,,,,,,,,,
2017-07-06,,,,,,5.36,12.75,0.759,0.001,,,,,,,,,,,,,,,,,,,
2017-07-07,,,,,,4.96,12.72,0.689,0.104,,,,,,,,,,,,,,,,,,,
2017-07-08,,,,,,10.61,13.03,0.571,0.527,,,,,,,,,,,,,,,,,,,
2017-07-09,,,,,,14.49,13.68,0.382,0.95,,,,,,,,,,,,,,,,,,,
2017-07-10,,,,,,13.78,13.81,0.383,0.921,,,,,,,,,,,,,,,,,,,
2017-07-11,,,,,,16.0,14.64,0.275,1.138,,,,,,,,,,,,,,,,,,,
2017-07-12,,,,,,18.2,15.05,0.13,1.432,,,,,,,,,,,,,,,,,,,
2017-07-13,,,,,,20.29,15.99,0.284,1.293,,,,,,,,,,,,,,,,,,,
2017-07-14,,,,,,16.0,15.95,0.348,1.018,,,,,,,,,,,,,,,,,,,
2017-07-15,,,,,,12.85,15.4,0.412,0.793,,,,,,,,,,,,,,,,,,,
2017-07-16,,,,,,14.43,15.1,-0.089,1.572,,,,,,,,,,,,,,,,,,,
2017-07-17,,,,,,15.44,15.18,-0.178,1.736,,,,,,,,,,,,,,,,,,,
2017-07-18,,,,,,18.09,15.55,-0.085,1.706,,,,,,,,,,,,,,,,,,,
2017-07-19,,,,,,20.0,16.85,-0.453,2.305,,,,,,,,,,,,,,,,,,,
2017-07-20,,,,,,18.12,17.0,-0.841,2.778,,,,,,,,,,,,,,,,,,,
2017-07-21,,,,,,18.49,17.64,-0.376,2.123,,,,,,,,,,,,,,,,,,,
2017-07-22,,,,,,19.15,17.88,-0.442,2.238,,,,,,,,,,,,,,,,,,,
2017-07-23,,,,,,17.9,17.56,-0.548,2.334,,,,,,,,,,,,,,,,,,,
2017-07-24,,,,,,18.35,17.54,-0.043,1.624,,,,,,,,,,,,,,,,,,,
2017-07-25,,,,,,18.27,17.37,-0.943,2.904,,,,,,,,,,,,,,,,,,,
2017-07-26,,,,,,16.75,17.13,-0.557,2.286,,,,,,,,,,,,,,,,,,,
2017-07-27,,,,,,16.1,16.93,-0.457,2.114,,,,,,,,,,,,,,,,,,,
2017-07-28,,,,,,17.47,16.93,-0.293,1.929,,,,,,,,,,,,,,,,,,,
2017-07-29,,,,,,18.85,17.23,-0.502,2.278,,,,,,,,,,,,,,,,,,,
2017-07-30,,,,,,20.88,17.58,-0.611,2.508,,,,,,,,,,,,,,,,,,,
2017-07-31,,,,,,18.73,17.75,-0.782,2.663,,,,,,,,,,,,,,,,,,,
2017-08-01,,,,,,19.44,17.82,-1.062,3.087,,,,,,,,,,,,,,,,,,,
2017-08-02,,,,,,20.82,18.34,-1.195,3.325,,,,,,,,,,,,,,,,,,,
2017-08-03,,,,,,18.4,18.0,-1.445,3.584,,,,,,,,,,,,,,,,,,,
2017-08-04,,,,,,22.51,18.73,-1.328,3.57,,,,,,,,,,,,,,,,,,,
2017-08-05,,,,,,21.09,18.62,-1.959,4.41,,,,,,,,,,,,,,,,,,,
2017-08-06,,,,,,18.04,18.12,-2.006,4.356,,,,,,,,,,,,,,,,,,,
2017-08-07,,,,,,14.85,17.04,-1.602,3.653,,,,,,,,,,,,,,,,,,,
2017-08-08,,,,,,14.53,16.57,-1.228,3.102,,,,,,,,,,,,,,,,,,,
2017-08-09,,,,,,13.21,15.93,-0.947,2.648,,,,,,,,,,,,,,,,,,,
2017-08-10,,,,,,12.71,15.6,-0.985,2.681,,,,,,,,,,,,,,,,,,,
2017-08-11,,,,,,15.5,15.6,-0.832,2.566,,,,,,,,,,,,,,,,,,,
2017-08-12,,,,,,14.58,15.71,-0.9,2.624,,,,,,,,,,,,,,,,,,,
2017-08-13,,,,,,17.04,16.18,-1.362,3.376,,,,,,,,,,,,,,,,,,,
2017-08-14,,,,,,15.94,16.69,-1.71,3.829,,,,,,,,,,,,,,,,,,,
2017-08-15,,,,,,14.43,16.52,-0.786,2.447,,,,,,,,,,,,,,,,,,,
2017-08-16,,,,,,13.87,16.23,-1.282,3.134,,,,,,,,,,,,,,,,,,,
2017-08-17,,,,,,13.1,15.8,-1.195,2.978,,,,,,,,,,,,,,,,,,,
2017-08-18,,,,,,13.08,15.55,-0.801,2.412,,,,,,,,,,,,,,,,,,,
2017-08-19,,,,,,11.94,15.15,-0.763,2.312,,,,,,,,,,,,,,,,,,,
2017-08-20,,,,,,11.11,14.83,-0.693,2.179,,,,,,,,,,,,,,,,,,,
2017-08-21,,,,,,13.07,14.93,-1.135,2.885,,,,,,,,,,,,,,,,,,,
2017-08-22,,,,,,13.73,15.11,-0.937,2.624,,,,,,,,,,,,,,,,,,,
2017-08-23,,,,,,11.46,14.6,-0.661,2.143,,,,,,,,,,,,,,,,,,,
2017-08-24,,,,,,13.91,14.69,-1.197,2.997,,,,,,,,,,,,,,,,,,,
2017-08-25,,,,,,13.18,14.69,-1.053,2.763,,,,,,,,,,,,,,,,,,,
2017-08-26,,,,,,11.9,14.48,-0.678,2.178,,,,,,,,,,,,,,,,,,,
2017-08-27,,,,,,11.0,14.1,-0.54,1.945,,,,,,,,,,,,,,,,,,,
2017-08-28,,,,,,11.04,13.88,-0.638,2.085,,,,,,,,,,,,,,,,,,,
2017-08-29,,,,,,11.92,13.93,-0.582,2.036,,,,,,,,,,,,,,,,,,,
2017-08-30,,,,,,14.02,14.26,-0.542,2.054,,,,,,,,,,,,,,,,,,,
2017-08-31,,,,,,14.14,14.36,-0.511,2.012,,,,,,,,,,,,,,,,,,,
2017-09-01,,,,,,12.51,14.35,-0.764,2.312,,,,,,,,,,,,,,,,,,,
2017-09-02,,,,,,12.46,14.35,-0.592,2.062,,,,,,,,,,,,,,,,,,,
2017-09-03,,,,,,12.08,14.26,-0.658,2.142,,,,,,,,,,,,,,,,,,,
2017-09-04,,,,,,11.54,14.1,-0.484,1.872,,,,,,,,,,,,,,,,,,,
2017-09-05,,,,,,13.31,14.12,-0.532,2.003,,,,,,,,,,,,,,,,,,,
2017-09-06,,,,,,17.36,14.98,-1.084,2.937,,,,,,,,,,,,,,,,,,,
2017-09-07,,,,,,14.68,15.07,-0.824,2.466,,,,,,,,,,,,,,,,,,,
2017-09-08,,,,,,14.87,15.19,-0.871,2.538,,,,,,,,,,,,,,,,,,,
2017-09-09,,,,,,17.17,15.7,-0.963,2.748,,,,,,,,,,,,,,,,,,,
2017-09-10,,,,,,18.08,16.94,-1.914,4.14,,,,,,,,,,,,,,,,,,,
2017-09-11,,,,,,16.02,16.7,-1.528,3.51,,,,,,,,,,,,,,,,,,,
2017-09-12,,,,,,15.11,16.51,-1.008,2.731,,,,,,,,,,,,,,,,,,,
2017-09-13,,,,,,14.76,16.28,-0.972,2.664,,,,,,,,,,,,,,,,,,,
2017-09-14,,,,,,15.54,16.17,-1.202,3.019,,,,,,,,,,,,,,,,,,,
2017-09-15,,,,,,14.25,15.91,-1.03,2.69,,,,,,,,,,,,,,,,,,,
2017-09-16,,,,,,13.11,15.46,-0.984,2.617,,,,,,,,,,,,,,,,,,,
2017-09-17,,,,,,12.69,15.22,-1.014,2.644,,,,,,,,,,,,,,,,,,,
2017-09-18,,,,,,12.01,14.86,-0.845,2.377,,,,,,,,,,,,,,,,,,,
2017-09-19,,,,,,11.64,14.67,-0.659,2.053,,,,,,,,,,,,,,,,,,,
2017-09-20,,,,,,10.84,14.28,-0.6,1.937,,,,,,,,,,,,,,,,,,,
2017-09-21,,,,,,10.94,13.99,-0.611,1.952,,,,,,,,,,,,,,,,,,,
2017-09-22,,,,,,10.92,13.89,-0.577,1.793,,,,,,,,,,,,,,,,,,,
2017-09-23,,,,,,9.95,13.59,-0.537,1.519,,,,,,,,,,,,,,,,,,,
2017-09-24,,,,,,9.53,13.4,-0.308,1.139,,,,,,,,,,,,,,,,,,,
2017-09-25,,,,,,10.23,13.38,-0.133,0.913,,,,,,,,,,,,,,,,,,,
2017-09-26,,,,,,10.3,13.34,-0.093,0.897,,,,,,,,,,,,,,,,,,,
2017-09-27,,,,,,10.37,13.3,-0.215,1.189,,,,,,,,,,,,,,,,,,,
2017-09-28,,,,,,9.49,13.13,-0.177,1.175,,,,,,,,,,,,,,,,,,,
2017-09-29,,,,,,10.37,13.24,-0.245,1.35,,,,,,,,,,,,,,,,,,,
2017-09-30,,,,,,9.66,13.21,0.006,1.01,,,,,,,,,,,,,,,,,,,
2017-10-01,,,,,,9.65,13.14,0.058,0.881,,,,,,,,,,,,,,,,,,,
2017-10-02,,,,,,9.12,13.06,0.06,0.843,,,,,,,,,,,,,,,,,,,
2017-10-03,,,,,,8.97,13.04,0.014,0.771,,,,,,,,,,,,,,,,,,,
2017-10-04,,,,,,8.93,13.01,0.066,0.772,,,,,,,,,,,,,,,,,,,
2017-10-05,,,,,,9.07,13.03,0.101,0.779,,,,,,,,,,,,,,,,,,,
2017-10-06,,,,,,8.77,13.0,0.152,0.648,,,,,,,,,,,,,,,,,,,
2017-10-07,,,,,,9.22,13.02,0.147,0.63,,,,,,,,,,,,,,,,,,,
2017-10-08,,,,,,8.9,13.0,0.161,0.648,,,,,,,,,,,,,,,,,,,
2017-10-09,,,,,,8.98,12.98,0.119,0.538,,,,,,,,,,,,,,,,,,,
2017-10-10,,,,,,8.12,12.93,0.079,0.44,,,,,,,,,,,,,,,,,,,
2017-10-11,,,,,,8.6,12.96,0.037,0.672,,,,,,,,,,,,,,,,,,,
2017-10-12,,,,,,9.81,13.05,0.083,0.68,,,,,,,,,,,,,,,,,,,
2017-10-13,,,,,,9.1,13.01,0.042,0.707,,,,,,,,,,,,,,,,,,,
2017-10-14,,,,,,8.25,12.92,0.121,0.596,,,,,,,,,,,,,,,,,,,
2017-10-15,,,,,,8.63,12.94,0.18,0.456,,,,,,,,,,,,,,,,,,,
2017-10-16,,,,,,8.17,12.92,0.217,0.495,,,,,,,,,,,,,,,,,,,
2017-10-17,,,,,,9.4,13.02,0.245,0.593,,,,,,,,,,,,,,,,,,,
2017-10-18,,,,,,9.64,13.05,0.35,0.467,,,,,,,,,,,,,,,,,,,
2017-10-19,,,,,,9.43,13.04,0.24,0.585,,,,,,,,,,,,,,,,,,,
2017-10-20,,,,,,10.13,13.09,0.153,0.647,,,,,,,,,,,,,,,,,,,
2017-10-21,,,,,,10.26,13.09,0.147,0.533,,,,,,,,,,,,,,,,,,,
2017-10-22,,,,,,9.75,13.06,0.165,0.491,,,,,,,,,,,,,,,,,,,
2017-10-23,,,,,,10.06,13.06,0.25,0.491,,,,,,,,,,,,,,,,,,,
